name	av	city	country	alt	gps_lat	gps_long	geo_qual	mhs_Jan	mhs_Feb	mhs_Mar	mhs_Apr	mhs_May	mhs_Jun	mhs_Jul	mhs_Aug	mhs_Sep	mhs_Oct	mhs_Nov	mhs_Dec	mp_Jan	mp_Feb	mp_Mar	mp_Apr	mp_May	mp_Jun	mp_Jul	mp_Aug	mp_Sep	mp_Oct	mp_Nov	mp_Dec	mmnrd_Jan	mmnrd_Feb	mmnrd_Mar	mmnrd_Apr	mmnrd_May	mmnrd_Jun	mmnrd_Jul	mmnrd_Aug	mmnrd_Sep	mmnrd_Oct	mmnrd_Nov	mmnrd_Dec	mmt_Jan	mmt_Feb	mmt_Mar	mmt_Apr	mmt_May	mmt_Jun	mmt_Jul	mmt_Aug	mmt_Sep	mmt_Oct	mmt_Nov	mmt_Dec	mmtr_Jan	mmtr_Feb	mmtr_Mar	mmtr_Apr	mmtr_May	mmtr_Jun	mmtr_Jul	mmtr_Aug	mmtr_Sep	mmtr_Oct	mmtr_Nov	mmtr_Dec
Cro-2	1	Le Croux (71990)	France	1-100	46.933221	4.130116	Reliable location	25	33	46	48	49	50	54	54	50	41	25	19	105	88	67	65	81	90	80	88	87	90	101	100	10	9	8	8	9	9	8	9	9	9	9	10	1.7	2.4	6.7	9.4	13	16.1	18.2	17.8	15.3	10.6	6.1	2.6	6.2	7.4	10.1	10.7	11.1	11.2	11.7	11.5	10.6	9.1	6.4	5.4
Mol-7	2	Molnet (71990)	France		46.912083	4.100447	Reliable location	25	33	46	48	49	50	54	54	50	41	25	19	105	88	67	65	81	90	80	88	87	90	101	100	10	9	8	8	9	9	8	9	9	9	9	10	1.7	2.4	6.7	9.4	13	16.1	18.2	17.8	15.3	10.6	6.1	2.6	6.2	7.4	10.1	10.7	11.1	11.2	11.7	11.5	10.6	9.1	6.4	5.4
All1-4	4	Allassac 1 (19240)	France	100-200	45.223717	1.392117	Reliable location	27	34	46	48	47	49	54	53	50	44	29	23	98	86	78	77	95	89	68	91	85	90	95	116	11	10	9	9	10	9	9	9	9	10	10	12	3.8	4.7	8.1	10.3	13.7	17.1	18.9	18.6	16.3	11.7	7.4	4.5	7.7	8.9	11.1	11.6	12	12.4	13	12.9	11.8	10.7	8.2	6.9
Cur-2	5	Curemonte (19500)	France	200-300	45.005023	1.741648	Reliable location	27	34	46	48	47	49	54	53	50	44	29	23	98	86	78	77	95	89	68	91	85	90	95	116	11	10	9	9	10	9	9	9	9	10	10	12	3.8	4.7	8.1	10.3	13.7	17.1	18.9	18.6	16.3	11.7	7.4	4.5	7.7	8.9	11.1	11.6	12	12.4	13	12.9	11.8	10.7	8.2	6.9
Cla-7	7	Clamart (92140)	France	100-200	48.800227	2.262468	Reliable location	23	29	42	46	48	48	47	46	45	37	22	19	70	56	45	48	58	57	60	70	63	60	66	67	9	7	7	7	7	7	7	8	7	8	8	9	3.2	4	6.8	9.7	13.2	16.2	18.1	17.8	15.5	11.3	6.7	4.1	5.2	6	8.4	9.3	9.8	10	9.9	9.7	9.1	7.5	5.5	4.7
Pyl-1	8	Le Pyla (33115)	France		47.194192	4.039306	Reliable location	25	33	46	48	49	50	54	54	50	41	25	19	105	88	67	65	81	90	80	88	87	90	101	100	10	9	8	8	9	9	8	9	9	9	9	10	1.7	2.4	6.7	9.4	13	16.1	18.2	17.8	15.3	10.6	6.1	2.6	6.2	7.4	10.1	10.7	11.1	11.2	11.7	11.5	10.6	9.1	6.4	5.4
Vou-6	9	Vouillé (86190)	France	100-200	46.553501	-0.237637	Reliable location	26	32	44	49	47	49	52	51	48	42	26	21	73	58	54	49	60	55	49	55	63	65	76	79	10	8	8	8	8	7	7	7	8	9	9	10	4	5	7.7	10.1	13.5	16.8	18.8	18.6	16.2	12	7.3	4.8	6.4	7.6	10.2	11	11.4	11.9	12.2	12.2	11	9.5	7.1	6
Par-9	10	Parthenay (79200)	France	100-200	46.646643	-0.248251	Reliable location	26	32	44	49	47	49	52	51	48	42	26	21	73	58	54	49	60	55	49	55	63	65	76	79	10	8	8	8	8	7	7	7	8	9	9	10	4	5	7.7	10.1	13.5	16.8	18.8	18.6	16.2	12	7.3	4.8	6.4	7.6	10.2	11	11.4	11.9	12.2	12.2	11	9.5	7.1	6
Ldv-5	11	Landivisiau (29400)	France	1-100	48.512204	-4.072008	Reliable location	25	31	39	46	48	45	44	47	42	36	26	22	110	86	70	59	57	48	53	68	78	90	118	127	15	12	10	10	10	8	9	10	11	12	13	15	6.7	6.6	8.1	9.6	11.9	14.4	16	16.4	15.2	12.8	9.6	7.8	4.1	4.6	5.5	6	6.4	6.4	6.3	6.3	5.9	5.2	4.4	4.2
Hag-2	13	Gréville-Hague (50440)	France	100-200	49.675771	-1.800928	Reliable location	23	30	42	45	47	47	47	46	45	37	22	19	68	56	43	45	56	58	62	68	65	60	65	66	9	8	7	7	8	8	8	8	8	8	9	10	5	5.3	7	9	11.8	14.5	16.4	16.7	15.3	12.3	8.3	6.2	5.2	6.2	8.7	9.5	10.1	10.3	10.3	10	9.5	7.9	5.5	4.7
Rom-5	14	St Romain-en-Gal (69560)	France	100-200	45.53793	4.858646	Reliable location	33	42	50	53	54	58	65	63	57	46	34	29	66	58	73	76	95	86	58	76	129	110	109	80	8	7	7	8	9	8	7	8	9	9	9	9	2.2	3.4	7.4	10.4	14.1	17.6	20	19.5	16.6	11.6	6.7	3.1	7	8.3	10	10.8	11	11.5	12.3	11.8	10.5	9.1	7.3	6.3
Mar1-4	15	Marigny l'Eglise 1 (58140)	France	400-500	49.060079	3.225857	Reliable location	23	30	42	45	47	47	47	46	45	37	22	19	68	56	43	45	56	58	62	68	65	60	65	66	9	8	7	7	8	8	8	8	8	8	9	10	5	5.3	7	9	11.8	14.5	16.4	16.7	15.3	12.3	8.3	6.2	5.2	6.2	8.7	9.5	10.1	10.3	10.3	10	9.5	7.9	5.5	4.7
Fet-10	17	Fétigny (58230)	France		46.443216	5.60008	Reliable location	22	34	47	49	51	53	58	57	52	40	24	19	149	132	111	106	111	133	113	136	135	137	160	135	9	8	7	8	9	9	8	9	9	9	9	9	0.5	1.9	5.7	9.2	13.1	16.6	18.8	18.2	15.2	9.9	5	1.4	6.1	7.4	9.7	10.5	10.9	11	11.6	11.3	10.2	8.6	6.2	5.3
Con-1	18	Conforgien (58230b)	France		47.2327	4.214616	Reliable location	25	33	46	48	49	50	54	54	50	41	25	19	105	88	67	65	81	90	80	88	87	90	101	100	10	9	8	8	9	9	8	9	9	9	9	10	1.7	2.4	6.7	9.4	13	16.1	18.2	17.8	15.3	10.6	6.1	2.6	6.2	7.4	10.1	10.7	11.1	11.2	11.7	11.5	10.6	9.1	6.4	5.4
Lac-7	19	Lachapelle-ss-Chaux (90300)	France	400-500	49.200371	3.204345	Reliable location	23	30	42	45	47	47	47	46	45	37	22	19	68	56	43	45	56	58	62	68	65	60	65	66	9	8	7	7	8	8	8	8	8	8	9	10	5	5.3	7	9	11.8	14.5	16.4	16.7	15.3	12.3	8.3	6.2	5.2	6.2	8.7	9.5	10.1	10.3	10.3	10	9.5	7.9	5.5	4.7
Cle-3	20	Clécy (14570)	France	1-100	48.918732	-0.481739	Reliable location	26	32	44	49	51	47	47	49	46	37	26	20	73	59	47	49	55	47	56	62	68	76	79	69	11	9	8	8	8	7	7	8	8	10	10	11	4.3	4.8	6.9	9	12.2	15	17	17	15.1	11.8	7.7	5.4	5.6	6.2	8.3	9	9.5	9.8	9.7	9.5	9	7.9	6.2	5.3
Ran	21	Cale de Mordeuc. Estuaire de la Rance	France	1-100	48.512174	-1.976062	Reliable location	28	33	43	47	51	51	49	50	48	37	27	22	72	52	48	43	46	46	50	60	62	70	75	76	14	11	10	9	9	8	9	9	11	12	13	14	5.6	5.9	7.9	9.9	12.8	15.6	17.5	17.6	16.1	12.9	8.9	6.7	4.9	5.4	6.9	7.3	7.9	8	7.6	7.7	7.2	6.4	5.3	4.7
Bui	22	Marolles les Buis (28400)	France	200-300	48.361986	0.927801	Reliable location	23	30	42	47	47	46	47	46	45	37	23	18	82	64	52	52	57	54	61	67	66	74	80	80	8	7	6	6	7	6	6	6	6	7	7	8	3.2	4	6.7	9.2	12.7	15.7	17.7	17.4	15.2	11.1	6.4	4.1	5.7	6.5	9	9.8	10.2	10.6	10.6	10.3	9.6	8.2	6.3	5.2
Wha1	23	Menai Bridge (Whales. LL59)	United Kingdom	1-100	53.233845	-4.178638	Reliable location	20	25	31	37	40	39	32	34	32	28	17	18	198	129	120	109	108	109	145	156	182	209	188	214	19	16	14	14	14	14	16	16	16	17	18	20	4	3.7	5.4	7.4	10.2	12.9	14.4	14.4	12.9	10.3	6.9	5.1	4.9	5.4	6.3	6.9	7.8	7.5	6.7	6.7	6.6	5.8	4.9	4.6
Jea	25	St Jean Cap Ferrat (06230)	France	1-100	43.68943	7.333961	Reliable location	50	53	51	55	56	62	73	70	64	56	50	47	83	77	91	79	77	36	18	24	78	137	157	126	6	5	7	7	8	5	2	3	6	8	8	7	7.6	8.4	10	12.3	15.6	19.3	22	22.2	19.8	15.7	11.4	8.5	6.3	6.5	6.8	7.1	7.2	7.2	7.6	7.6	7.3	6.9	6.1	6
Dam1	26	Dampierre en Yvelines (78720)	France		48.705723	1.985922	Reliable location	23	30	43	47	48	48	48	48	46	37	22	18	50	36	33	39	52	52	48	56	50	51	52	49	8	7	6	6	7	7	6	7	7	7	7	8	3	3.9	7	9.8	13.3	16.3	18.4	18	15.6	11.2	6.6	3.9	5.5	6.4	9	9.8	10.3	10.5	10.5	10.2	9.5	7.9	5.9	4.9
Cyr	28	St Cyr sur Loire (37540)	France	1-100	47.40144	0.666332	Reliable location	25	31	43	49	47	48	50	49	46	39	24	20	64	54	49	47	58	50	44	56	59	60	63	68	9	8	7	7	8	7	6	7	7	8	8	9	3.6	4.5	7.8	10.4	13.7	17.1	18.9	18.7	16.2	11.7	7.2	4.4	6.3	7.4	10	10.9	11.3	11.8	12	11.8	10.8	9.5	7.1	5.8
Nog	29	Nogent sur Vernisson (45290)	France	100-200	47.846183	2.742405	Reliable location	24	31	44	47	49	48	50	50	47	39	23	19	59	48	41	45	57	54	50	62	56	58	59	60	9	7	7	7	7	7	7	8	7	8	8	9	2.8	4	7	9.9	13.5	16.6	18.7	18.3	15.8	11.3	6.4	3.7	5.9	6.8	9.7	10.5	10.9	11	11.2	10.9	10.2	8.7	6.2	5.2
Pon	30	Craponne (69290)	France	200-300	45.744006	4.723077	Reliable location	28	38	48	50	51	55	61	59	54	43	29	24	40	36	46	50	70	80	55	75	88	71	69	45	8	8	7	8	9	8	7	8	9	9	9	9	2.5	3.7	7.6	10.4	14.1	17.7	20	19.6	16.7	11.6	6.8	3.6	6.7	8.1	10.1	11	11.2	11.6	12.3	11.9	10.7	9.2	7	6.1
Lm-2	31	Le Mans	France	1-100	48.009747	0.197697	Estimated location	25	31	43	50	48	48	49	50	45	38	24	19	72	58	51	49	57	57	51	62	65	65	69	74	10	8	7	7	8	7	7	7	7	8	9	10	3.6	4.4	7.3	9.8	13.2	16.5	18.3	18	15.5	11.4	7.1	4.4	6.2	7.2	9.6	10.6	11.2	11.7	11.7	11.5	10.6	9.3	7.1	5.8
Aa-0	32	Aua/Rhon	Germany	200-300	50.917066	9.570708	Estimated location	18	25	36	39	44	45	42	43	39	31	16	13	52	47	36	50	63	74	79	75	56	57	53	50	14	12	11	11	11	12	13	12	11	12	12	13	-1.1	-0.4	3.3	7.5	11.9	15.1	16.8	16.1	13	8.1	3.9	0.3	5.1	6.2	8.2	9.6	10.6	10.5	10	10.1	9.5	7.6	5	4.6
Go-0	34	Göttingen	Germany	100-200	51.536214	9.92878	Estimated location	19	25	36	40	44	45	42	44	40	31	17	15	48	46	34	45	61	68	83	73	52	56	51	50	15	13	11	12	12	12	14	13	12	12	13	13	-0.8	-0.2	3.4	7.6	12	15.2	16.8	16.2	13	8.4	4.2	0.8	5.2	6.6	8.1	9.7	10.5	10.6	10.1	10.1	9.7	7.6	5	4.7
Wc-1	35	Westercelle	Germany	1-100	52.60506	10.078897	Estimated location	19	24	35	42	46	47	43	45	43	32	18	17	54	48	43	48	53	63	84	73	53	56	55	52	13	11	10	10	10	11	12	12	11	11	12	12	0	0.5	3.7	8.2	12.8	16	17.5	17.1	13.8	9.1	4.9	1.7	4.9	5.8	7.4	8.9	9.9	9.9	9.3	9.3	8.9	7	4.9	4.5
Sh-0	36	Schwiegershausen	Germany	200-300	51.683748	10.214267	Estimated location	19	25	36	40	44	45	42	44	40	31	17	15	48	46	34	45	61	68	83	73	52	56	51	50	15	13	11	12	12	12	14	13	12	12	13	13	-0.8	-0.2	3.4	7.6	12	15.2	16.8	16.2	13	8.4	4.2	0.8	5.2	6.6	8.1	9.7	10.5	10.6	10.1	10.1	9.7	7.6	5	4.7
Bch-1	37	Buchen/Lauenburg	Germany	1-100	53.480363	10.616008	Estimated location	20	24	37	44	48	48	45	44	46	33	18	14	53	46	39	49	53	61	82	80	57	55	54	52	13	11	10	10	10	10	12	12	11	12	12	13	-0.4	0.1	3.1	7.6	12.3	15.6	17.4	16.8	13.5	8.9	4.6	1.5	4.6	5.4	6.8	8.3	9.6	9.4	8.8	8.7	8.3	6.6	4.7	4.2
Gd-1	38	Gudow	Germany	1-100	53.558727	10.769291	Estimated location	19	25	37	44	49	48	46	45	47	33	19	15	48	42	38	46	51	59	77	75	52	52	50	49	13	11	9	10	10	10	12	12	11	12	12	12	-0.4	-0.1	2.9	7.3	12.1	15.5	17.4	16.7	13.4	8.8	4.5	1.3	4.7	5.5	6.8	8.5	9.7	9.5	9	8.8	8.4	6.6	4.7	4.2
Pt-0	39	Poetrau/Lauenburg	Germany	1-100	53.47662	10.606427	Estimated location	20	24	37	44	48	48	45	44	46	33	18	14	53	46	39	49	53	61	82	80	57	55	54	52	13	11	10	10	10	10	12	12	11	12	12	13	-0.4	0.1	3.1	7.6	12.3	15.6	17.4	16.8	13.5	8.9	4.6	1.5	4.6	5.4	6.8	8.3	9.6	9.4	8.8	8.7	8.3	6.6	4.7	4.2
Pi-0	40	Pitztal/Tirol	Austria	1200-1300	47.117178	10.783496	Estimated location	35	40	42	40	38	39	43	44	46	45	36	34	62	64	63	79	109	132	159	148	109	89	84	60	8	7	8	10	13	13	13	13	10	9	9	8	-4.4	-3.1	-0.3	3	7	10.8	12.7	12.6	10	5.3	0.4	-3.3	8.1	8.7	8.9	9.2	9.6	9.8	9.9	9.5	9.5	8.5	7.7	7.2
Bay-0	41	Bayreuth	Germany	300-400	49.945609	11.571922	Estimated location	19	26	36	40	44	43	42	45	42	32	17	15	76	67	53	54	73	86	101	87	69	68	66	72	12	11	10	10	11	11	12	11	10	10	10	11	-3	-1.9	2.1	6.5	11.2	14.4	16.1	15.4	12.3	7.2	2.2	-1.4	5.3	6.4	8.6	9.6	10.7	10.7	10.3	10.5	10	7.8	4.9	4.7
Bl-1	42	Bologna	Italy	100-200	44.499101	11.346703	Estimated location	31	38	39	42	46	48	56	54	50	46	30	30	61	58	84	97	133	104	77	78	92	107	108	73	6	6	7	9	11	10	8	8	8	8	8	7	0.7	2.5	6.4	10.8	14.5	18.8	21.3	21	17.6	12	6.6	2.5	7.3	8.2	9.4	9.9	10.2	10.7	11.3	11	10.5	9.4	9.3	6.7
Sei-0	43	Seis am Schlern	Italy	1200-1300	46.544535	11.561465	Estimated location	38	41	41	39	38	38	44	44	46	46	38	36	104	100	112	138	167	146	164	166	155	159	149	105	9	9	10	12	15	14	14	13	11	10	10	10	-6.3	-5.3	-2.7	0.6	4.4	8.2	10.3	10.3	7.6	2.9	-1.7	-5.1	7.8	8.3	8.4	8.7	8.9	9.3	9.6	8.8	8.9	7.9	7.1	7
In-0	44	Innsbrück	Austria	500-600	47.267256	11.393394	Estimated location	28	36	41	41	41	41	45	46	46	42	30	27	112	104	99	113	153	205	233	186	149	115	99	90	8	7	7	9	11	12	13	11	9	8	8	8	-2.8	-1.5	2.2	6.2	10.6	13.9	15.5	14.9	12.3	7.3	2.8	-1.2	7.9	8.9	10.3	10.8	11.3	11.3	11.3	10.9	10.9	9.6	8.4	7
Je-0	45	Jena	Germany	100-200	50.930868	11.586342	Estimated location	20	25	37	42	46	46	45	47	44	33	19	17	35	31	29	38	52	59	67	53	40	41	36	33	13	11	10	11	11	11	12	11	10	11	11	12	-0.9	-0.2	3.8	8.3	13.2	16.3	18	17.3	14	8.9	4.1	0.6	5.3	6.5	8.6	10.1	11.2	11.2	10.9	11	10.5	8.3	5.3	4.7
Ste-0	47	Stendal	Germany	100-200	52.608177	11.86512	Estimated location	19	25	38	43	47	48	45	46	47	33	19	16	39	31	32	40	47	55	71	62	40	44	41	40	12	10	9	10	10	10	11	10	10	10	11	11	-0.3	0.1	3.9	8.5	13.5	16.6	18.4	17.9	14.5	9.3	4.5	1.2	5.1	6	7.7	9.4	10.6	10.6	9.9	9.9	9.6	7.6	5.1	4.5
Eil-0	48	Eilenburg	Germany	100-200	51.461772	12.63216	Estimated location	21	25	37	42	46	47	45	47	45	35	20	18	39	35	35	40	50	62	79	61	41	46	41	37	11	9	9	10	10	10	11	10	9	9	10	10	-0.2	0.2	4.4	9.1	13.8	17.1	18.9	18.5	15.1	9.9	5	1.5	5.4	6.3	8.3	10.1	11.2	11.3	10.8	11	10.6	8.4	5.4	4.8
No-0	49	Nossen	Germany	200-300	51.065263	13.299522	Estimated location	21	24	36	40	45	45	44	47	44	34	20	19	33	31	33	42	60	66	98	68	44	46	37	32	11	10	10	10	11	11	12	11	9	10	10	11	-0.4	0.2	4	8.6	13.7	16.8	18.5	17.9	14.6	9.4	4.5	0.9	5.5	6.6	8.4	10.4	11.3	11.5	10.9	11.2	10.6	8.5	5.5	5
Pa-1	50	Palermo	Italy	1-100	38.121755	13.359947	Estimated location	43	47	49	54	60	67	74	73	67	56	51	43	98	68	63	38	27	14	7	16	51	72	97	110	12	9	8	6	4	2	1	2	4	8	10	12	10.1	10.5	12.1	14.9	18.5	22.6	25.6	25.7	23.1	19.2	15.3	11.9	5.3	5.9	6.3	6.9	7.7	8.1	8.6	8.4	7.7	6.9	5.8	5.3
Dr-0	51	Dresden	Germany	100-200	51.059782	13.735428	Estimated location	21	24	36	40	45	45	44	47	44	34	20	19	33	31	33	42	60	66	98	68	44	46	37	32	11	10	10	10	11	11	12	11	9	10	10	11	-0.4	0.2	4	8.6	13.7	16.8	18.5	17.9	14.6	9.4	4.5	0.9	5.5	6.6	8.4	10.4	11.3	11.5	10.9	11.2	10.6	8.5	5.5	5
Bd-0	52	Berlin/Dahlem	Germany	1-100	52.459597	13.286905	Estimated location	20	24	38	42	48	49	46	48	47	34	18	15	44	39	33	42	47	63	73	68	48	47	45	42	10	8	8	9	9	9	10	9	9	9	9	10	-0.8	-0.2	3.5	8.5	13.7	17	18.7	17.9	14.3	9	4.3	0.8	5.2	6.3	8	9.7	11	11.1	10.3	10.3	10.2	7.8	5.3	4.7
Sp-0	53	Berlin/Spandau	Germany	1-100	52.535292	13.181477	Estimated location	20	24	38	42	48	49	46	48	47	34	18	15	42	33	31	40	45	56	73	64	44	43	42	41	10	8	8	9	9	9	10	9	9	9	9	10	-0.5	-0.1	3.8	8.8	13.9	17.2	18.8	18.2	14.6	9.4	4.7	1.2	5.2	6.2	7.9	9.5	10.8	11	10.3	10.2	10	7.8	5.2	4.6
Lu-1	54	Lund	Sweden	1-100	55.721387	13.185883	Estimated location	16	23	34	42	52	51	48	47	45	29	15	6	46	36	32	35	39	47	67	66	54	56	47	46	12	10	9	9	9	9	12	12	11	12	12	13	-0.5	-0.6	1.4	6	11.2	15.2	17.2	16.8	13.6	9	4.7	1.7	4.3	5	6.3	7.7	9	8.7	8.2	7.8	7.2	5.8	4.2	3.6
Ka-0	55	Kärnten	Austria	900-1000	46.763572	14.171448	Estimated location	29	36	38	36	36	36	41	42	44	38	28	26	98	97	98	123	136	167	180	161	123	130	123	102	12	11	11	14	16	16	15	14	12	12	12	12	-8.5	-6.1	-1.9	2.4	6.7	10.3	12.1	11.6	9.2	4.3	-1.4	-5.9	7.7	9.1	10	9.9	10.4	10.5	10.8	10.7	10.5	9.2	6.3	6
Ta-0	56	Tabor	Czechoslovakia	400-500	49.417518	14.658451	Estimated location	17	24	36	37	43	43	40	46	41	32	19	17	35	38	35	46	74	86	103	81	49	49	35	39	12	11	11	12	13	13	13	13	10	11	11	12	-2.6	-1.8	2.4	6.7	12.1	15.1	16.8	16.1	12.4	7.3	2.2	-0.8	6.2	7.2	8.4	9.7	10.8	10.7	10.2	10.8	10.7	9.1	5.4	5.5
Gr-3	58	Graz	Austria	300-400	47.074471	15.442543	Estimated location	24	33	38	40	42	44	48	51	47	37	22	20	59	61	59	78	115	142	140	121	94	101	80	72	12	11	11	12	15	14	14	13	11	12	12	13	-4.2	-2.1	2.4	7.4	11.9	15.3	17.2	16.6	13.4	8	2.5	-1.8	7	8.9	10	10.8	11.2	11.1	11.5	11.5	11.1	9.5	6.4	5.7
Br-0	60	Brunn (Brno)	Czechoslovakia	100-200	49.193725	16.60728	Estimated location	18	26	36	41	48	47	48	51	46	36	18	15	38	37	35	43	63	79	90	76	44	51	47	42	13	12	11	12	13	13	13	12	10	12	12	13	-2.9	-1.2	2.8	8.1	13.1	16.5	18.1	17.4	13.7	8.2	3.3	-0.5	5.3	6.3	8	9.6	10.1	9.9	10	10.1	9.8	8.1	5.2	5
St-0	62	Östhammar	Sweden	1-100	59.340403	18.062668	Estimated location	17	27	38	46	53	54	51	49	43	30	17	10	42	29	26	31	34	47	64	78	58	49	53	47	16	13	10	11	10	11	12	13	13	15	16	17	-3.8	-4	-1.3	4.1	9.9	14.6	17.3	16	11.5	6.4	2.1	-0.8	5.3	6.1	7.3	8	9.6	9.3	9	8.4	7.2	5.5	4	4.3
Lip-0	63	Lipowiec/Chrzanow	Poland	400-500	50.07754	19.444842	Estimated location	21	24	35	38	45	43	44	45	44	35	21	14	33	35	39	48	65	99	115	93	63	54	44	37	14	13	11	12	12	13	14	12	11	11	13	14	-3.1	-2.6	2.2	6.6	13.1	16.3	18.2	17.3	13.5	8.6	3.1	-0.1	6.8	7.5	8.7	8.1	11.1	10.9	10.5	10.4	10.4	8.8	6.4	5.9
Ag-0	64	Argentat	France	100-200	45.096622	1.937313	Estimated location	28	35	46	47	46	49	54	54	50	43	30	24	142	124	112	106	120	112	91	121	115	125	137	159	11	10	9	10	11	10	9	10	9	10	10	12	1.8	2.6	5.6	7.9	11.4	14.8	16.8	16.5	14.1	9.7	5.4	2.7	7.6	8.9	10.7	11.3	11.7	12.2	12.9	12.7	11.5	10.3	8	6.7
Gy-0	65	La Minière	France	1-100	48.77475	2.084824	Estimated location	23	29	42	46	47	47	47	46	45	37	22	18	51	41	33	39	52	49	55	61	53	46	50	47	8	7	7	7	7	7	7	7	7	8	8	9	3	3.8	6.8	9.6	13.1	16	18	17.7	15.4	11.1	6.6	3.9	5.1	5.9	8.2	9	9.6	9.7	9.7	9.4	8.8	7.3	5.5	4.7
Wa-1	67	Warschau	Poland	100-200	52.237304	21.011124	Estimated location	19	21	34	37	47	47	43	44	43	34	18	14	22	25	23	35	44	62	80	66	41	35	35	30	14	13	11	11	11	12	14	13	11	11	13	15	-3.4	-2.5	1.6	8	14.1	17.5	19.2	18.2	14	8.4	3.1	-0.4	5.5	6.6	7.5	9.1	11.2	11.1	10.1	10.1	10	8.1	5	4.5
Te-0	68	Tenela (Tenala ?)	Finland	1-100	60.059383	23.298025	Estimated location	18	26	38	39	47	46	43	42	33	26	16	16	52	36	32	40	40	46	67	79	77	72	67	64	17	14	11	12	11	12	13	13	14	16	17	17	-5.2	-6	-3.4	2.3	8.4	13.4	16.8	15.7	11.1	5.9	1.6	-1.9	5.9	6.2	7.7	7.8	9.6	9.3	8.9	8.5	7	5.3	4.1	4.4
Et-0	69	Etraygues	France	400-500	44.646991	2.564907	Estimated location	30	37	47	48	47	51	57	56	52	45	33	26	110	95	90	90	107	92	75	98	102	97	112	131	10	9	9	9	11	9	8	9	9	10	10	11	1.2	2	5.1	7.5	11	14.6	16.8	16.5	14	9.5	5	2	7.7	9.1	10.4	10.9	11.4	12.2	13	12.7	11.4	10.1	8.1	6.8
Kn-0	70	Kaunas	Lithuania	1-100	54.90279	23.894463	Estimated location	18	22	36	35	39	39	37	36	36	27	13	21	37	37	35	44	58	71	85	92	56	51	48	42	17	15	13	13	12	13	15	15	14	15	16	17	-5	-4.4	-0.8	5.9	12.4	15.6	17.6	16.4	12.3	6.8	1.3	-2.5	5.4	6.1	7.3	9	11	10.8	10.2	9.6	8.9	6.7	4.2	4.3
Est-0	71	Unknown	Estonia	100-200	59.452265	24.762955	No precise location within country	19	25	39	36	41	40	38	38	32	22	13	14	56	45	37	40	49	63	75	87	80	70	67	58	19	16	13	13	12	14	14	15	16	17	18	19	-7.4	-7.7	-4.3	2.9	9.4	14.4	17.4	15.6	10.8	5	-0.3	-4.6	6.4	7.1	8.6	8.6	10.5	10.4	10.1	9.3	8	5.7	4.2	5.1
Wil-1	72	Vilnius	Lithuania	100-200	54.700265	25.276566	Estimated location	17	20	34	36	40	40	39	37	37	26	12	14	38	36	34	39	56	79	89	87	56	48	47	42	18	16	14	13	13	14	15	15	14	15	17	18	-5.9	-5.3	-1.5	5.5	12.4	15.7	17.6	16.4	12	6.3	0.6	-3.5	5.8	6.5	7.5	8.9	11	10.9	10.5	10	9.2	6.7	4.2	4.5
Se-0	75	San Eleno	Spain	1-100	40.435764	-3.698502	No precise location within country	44	51	49	55	58	69	80	80	65	55	48	41	28	29	37	40	49	35	17	16	36	37	47	42	5	5	6	6	6	4	2	2	4	5	6	6	3.6	5.1	8.2	10.9	14.4	19.1	23	22.5	18.6	12.9	7.8	4.4	7.4	9.1	10.3	10.6	11.4	12.5	13.5	12.8	11.8	9.6	8.4	7.3
Bla-1	76	Blanes/Gerona	Spain	1-100	41.677605	2.792187	Estimated location	50	53	50	54	56	60	68	66	56	52	50	45	45	45	52	50	56	43	29	49	65	71	56	50	4	4	5	5	5	3	2	4	4	5	4	4	11.3	12.4	14.8	17.1	20.5	24.4	27.7	27.2	24.5	20.1	14.9	11.7	7.3	7.6	7.8	7.9	7.8	8.2	8.6	8.2	8	7.5	7.3	6.9
Bla-2	77	Blanes/Gerona	Spain	1-100	41.677605	2.792187	Estimated location	50	53	50	54	56	60	68	66	56	52	50	45	45	45	52	50	56	43	29	49	65	71	56	50	4	4	5	5	5	3	2	4	4	5	4	4	11.3	12.4	14.8	17.1	20.5	24.4	27.7	27.2	24.5	20.1	14.9	11.7	7.3	7.6	7.8	7.9	7.8	8.2	8.6	8.2	8	7.5	7.3	6.9
Ll-0	81	Llagostera	Spain	1-100	41.833323	2.89381	Estimated location	48	51	50	53	54	57	66	63	56	51	49	43	91	75	93	68	71	51	27	40	66	88	91	89	4	4	5	5	6	5	3	5	5	6	5	5	8.2	9.9	12.4	14.4	17.7	21.5	24.4	24.1	21.5	16.9	11.8	8.4	7.6	8	8.3	8.6	8.6	9.1	9.8	9.3	8.9	8.1	7.5	6.9
Rou-0	82	Rouen	France	1-100	49.443865	1.099262	Estimated location	22	29	40	45	46	44	43	42	43	35	22	17	85	67	54	53	59	58	65	76	78	83	91	80	10	8	8	8	8	8	7	8	8	9	10	10	3.4	3.9	6	8.1	11.7	14.5	16.4	16.5	14.5	10.9	6.6	4.3	5.1	5.6	7.2	7.9	8.2	8.6	8.5	8.3	7.8	6.7	5.5	4.7
Edi-0	83	Edinburgh	United Kingdom	1-100	55.955466	-3.18821	Estimated location	18	26	28	34	35	35	29	29	30	22	21	16	77	55	59	49	60	58	72	75	82	83	85	80	17	15	15	14	14	14	16	16	16	17	18	18	2.7	2.9	4.8	7	9.8	13.7	14.4	14.1	11.9	9.1	5.3	4	5.4	5.9	6.7	7.8	8.4	8.7	8.3	7.9	7.6	6.5	5.8	5.3
Ws-0	84	Wassilewskija	Belarus	100-200	59.942511	30.260067	Estimated location	18	24	35	33	38	37	38	37	30	20	13	14	52	46	37	40	49	65	67	86	68	59	60	51	19	17	14	13	12	14	14	15	16	18	18	20	-8.3	-8.4	-4.6	2.4	9	14.1	17	15.1	10.1	4.1	-1.1	-5.6	6.6	7.4	9	8.7	10.4	10.2	10	9.1	7.8	5.5	4.2	5.3
Lz-0	87	Lezoux (Puy-de-Dome)	France	400-500	45.830067	3.377209	Estimated location	27	35	46	47	48	51	56	56	51	41	28	22	50	45	47	56	76	90	66	85	80	64	65	53	10	9	8	8	9	9	8	9	9	9	9	10	2.2	3.2	6.9	9.6	13.3	16.8	18.9	18.6	16	11	6.4	3.2	6.9	8.1	10.5	11.2	11.3	11.6	12.3	12	11	9.6	7.1	6
Ra-0	88	Randan (Puy-de-Dome)	France	400-500	46.020008	3.355436	Estimated location	27	35	46	47	48	51	56	56	51	41	28	22	50	45	47	56	76	90	66	85	80	64	65	53	10	9	8	8	9	9	8	9	9	9	9	10	2.2	3.2	6.9	9.6	13.3	16.8	18.9	18.6	16	11	6.4	3.2	6.9	8.1	10.5	11.2	11.3	11.6	12.3	12	11	9.6	7.1	6
Chi-0	89	Chisdra	Russia	100-200	55.794025	37.611237	No precise location within country	16	22	31	36	40	43	43	40	33	21	15	12	48	46	49	40	56	71	84	77	65	59	57	57	18	16	14	12	12	14	15	15	15	16	17	19	-10.6	-10.1	-5.2	3.5	11.1	15.2	17.6	15.6	10	3.8	-2.5	-7.9	6.8	8	8.5	8.9	11.2	11.2	11	10.5	9.2	6.4	4.9	5.5
Rsch-4	90	Rschew	Russia	100-200	56.266741	34.327612	Estimated location	17	21	30	36	39	39	41	39	31	21	16	15	61	59	54	44	52	76	86	78	64	57	59	63	19	16	15	12	13	14	15	15	15	16	17	19	-9.8	-9.4	-5.1	3.2	10.8	14.8	17	15.2	9.8	3.8	-2.2	-7.3	6.4	7.6	8.5	8.9	11.1	11	10.9	10.3	8.9	6.1	4.6	5.5
Tsu-0	91	Tsu	Japan	1-100	34.730666	136.502151	Estimated location	61	59	55	48	46	39	43	51	43	46	55	60	56	69	114	170	201	277	230	215	253	198	113	60	8	7	10	11	11	13	13	9	14	10	8	6	4.8	5.1	7.9	13.3	17.5	21	24.8	26	22.8	17.3	12.2	7.3	8.5	9	9.5	9.4	8.7	7.2	6.7	7.5	7.4	8.4	9.2	8.6
Stw-0	92	Stobowa/Orel	Russia	100-200	52.844585	36.923218	Estimated location	20	26	31	37	45	47	48	48	41	28	20	15	44	40	40	40	56	66	78	68	54	50	48	51	17	15	14	12	12	12	13	13	12	13	15	17	-9.4	-9.2	-4.4	4.9	13	16.9	18.9	17.4	11.8	5.1	-1.4	-6.8	6.7	7.4	7	8.6	11.2	11.1	10.9	10.9	10.1	7.4	5.1	5.3
Mt-0	94	Martuba/Cyrenaika	Libya	100-200	32.607683	22.765961	Estimated location	53	61	59	62	71	76	79	78	71	65	62	53	65	45	27	8	1	0	0	0	6	41	27	59	10	6	6	2	2	0	0	0	1	5	6	9	12.7	13	15	17.7	20.4	23.3	24.8	25.3	23.9	21.7	18.2	14.5	7	8	5.7	8.4	8.4	8.3	6.5	5.7	6.4	7.2	7.2	7.1
Nok-1	95	Noordwijk	Netherlands	1-100	52.238439	4.448662	Estimated location	21	26	35	40	44	45	40	42	39	32	19	17	65	49	48	47	46	59	80	90	77	76	82	74	19	15	15	15	15	14	17	17	16	17	19	19	2.5	2.6	5.2	8.3	12.4	15.5	17	17.1	14.9	10.9	6.5	3.8	4.4	5	6.4	7.3	8.1	8.1	7.7	7.6	7.4	6.4	4.8	4.2
Le-0	97	Leiden	Netherlands	1-100	52.164309	4.490604	Estimated location	21	26	35	40	44	45	40	42	39	32	19	17	65	49	48	47	46	59	80	90	77	76	82	74	19	15	15	15	15	14	17	17	16	17	19	19	2.5	2.6	5.2	8.3	12.4	15.5	17	17.1	14.9	10.9	6.5	3.8	4.4	5	6.4	7.3	8.1	8.1	7.7	7.6	7.4	6.4	4.8	4.2
Ang-0	99	Angleur (Prov. de Liège)	Belgium	1-100	50.614465	5.599537	Estimated location	18	25	35	41	43	43	40	42	41	33	18	14	67	57	54	58	66	74	86	82	70	67	65	72	16	13	13	13	13	12	14	14	13	14	15	16	1.4	1.9	4.8	8.1	12.3	15	16.7	16.1	13.9	9.9	5	2.5	5.1	6.2	7.9	9.2	10.1	10.3	9.8	9.3	9.3	8	5.5	4.8
Per-1	100	Perm	Russia	1-100	58.020173	56.22757	Estimated location	16	30	35	40	40	45	46	44	29	14	16	14	46	33	35	39	49	66	69	64	60	58	52	52	21	16	16	12	13	14	14	15	17	19	20	21	-15.3	-13.9	-7.7	2	10	15.8	18	15.6	9.3	1.5	-6.6	-13.2	7.1	8.3	9.1	9.6	11.3	11.5	11.1	10.2	8.4	5.6	5.3	6.7
Ge-0	101	Geneva	Switzerland	500-600	46.205652	6.139441	Estimated location	24	36	47	50	51	55	61	60	53	41	26	22	99	91	79	78	96	120	91	120	121	100	113	93	8	7	7	8	9	9	8	8	8	8	8	8	0.7	2	5.8	9.3	13.4	17.2	19	18.4	15.3	10.1	5.3	1.7	6.3	7.5	9.6	10.6	10.9	11	11.7	11.3	10.2	8.5	6.4	5.6
Ei-2	102	Eifel	Germany	400-500	50.441458	6.650734	Estimated location	17	24	35	41	44	43	41	42	41	32	18	14	59	48	42	55	63	72	63	77	52	48	56	51	12	11	10	11	10	10	11	12	10	11	12	13	0.9	1.4	4.8	8.2	12.4	15.5	17.1	16.7	13.9	9.3	5.3	2.2	5.1	6.2	8.6	9.7	10.8	10.7	10.2	9.9	9.5	7.9	5.2	4.6
Kr-0	103	Krefeld	Germany	1-100	51.338462	6.55941	Estimated location	18	24	33	40	43	43	38	40	39	30	20	16	65	55	46	48	57	62	78	81	66	56	65	63	14	12	11	12	12	12	13	13	12	13	14	14	1.6	2.1	5.6	9.2	13.4	16.5	18.1	17.8	14.9	10.2	6	2.9	4.7	5.4	7.5	8.7	9.7	9.6	9	9	8.5	7	5	4.4
Cha-0	104	Champex	Switzerland	1500-1600	46.027857	7.120585	Estimated location	32	38	45	43	42	45	52	51	49	42	33	31	61	57	64	99	122	98	88	110	112	98	101	72	9	8	9	11	13	12	10	11	10	9	10	9	-6.5	-5.3	-2.7	0.9	4.5	8.3	10.9	10.4	7.6	3.3	-1.4	-5.4	5.3	6	6.9	7.4	8.1	8.4	9	8.4	7.6	6.2	4.9	4.7
Po-0	105	Poppelsdorf	Germany	1-100	50.72278	7.088571	Estimated location	17	24	36	41	44	44	41	43	41	32	18	14	49	43	35	51	60	73	62	77	48	43	48	44	12	11	10	10	10	10	11	11	10	11	11	12	1.1	1.7	5.1	8.8	12.9	16.1	17.7	17.1	14.3	9.6	5.6	2.4	5.1	6.1	8.8	10	11	10.8	10.3	10.1	9.6	7.9	5.3	4.6
Kl-0	106	K™ln	Germany	1-100	50.94917	6.960983	Estimated location	17	24	35	40	44	44	40	42	40	31	19	15	70	63	47	59	65	82	84	91	68	64	72	69	13	11	10	11	10	11	12	12	11	11	12	13	1.4	2.1	5.5	9.3	13.5	16.6	18.1	17.6	14.7	10	5.8	2.6	4.9	5.7	8.2	9.4	10.4	10.3	9.8	9.7	9.1	7.4	5.1	4.6
Kas-1	108	Kashmir	India	1500-1600	34.200899	76.825561	Estimated location	44	44	46	54	55	57	50	48	61	68	67	55	24	25	32	30	28	13	17	18	5	10	11	17	3	3	4	4	5	5	6	6	4	2	1	2	-11.1	-8.6	-3.5	1.4	5.8	10.1	13.5	12.6	9.6	3.2	-3	-7.6	10.7	11.7	11.7	12.4	13.2	13.6	14	14.3	15	14.3	13.3	11.6
Tu-0	109	Turin	Italy	200-300	45.07706	7.686195	Estimated location	39	43	46	47	48	50	58	54	51	45	37	37	32	33	66	108	148	83	55	63	86	85	77	55	5	4	6	8	10	7	6	6	6	7	7	6	0.6	3.2	7.7	12.3	16.5	20.8	23.4	22.2	18.5	12.4	6.4	2.3	5.7	6.6	8.5	9.7	9.8	10.2	10.7	10	9.1	7.4	5.3	5.4
Bs-1	110	Basel	Switzerland	300-400	47.562697	7.580166	Estimated location	21	29	40	41	44	45	49	47	44	34	21	18	116	97	84	85	92	123	115	118	108	95	105	91	10	9	8	10	11	11	11	11	10	9	9	10	-0.7	0.6	4.5	8.1	12.2	15.6	17.4	16.9	14	8.8	4	0.4	5.7	7	9.2	9.9	10.7	10.6	10.8	10.7	9.8	8.1	5.7	5
Lo-1	111	Lšrrach	Germany	200-300	47.622202	7.659817	Estimated location	21	29	40	41	44	45	49	47	44	34	21	18	116	97	84	85	92	123	115	118	108	95	105	91	10	9	8	10	11	11	11	11	10	9	9	10	-0.7	0.6	4.5	8.1	12.2	15.6	17.4	16.9	14	8.8	4	0.4	5.7	7	9.2	9.9	10.7	10.6	10.8	10.7	9.8	8.1	5.7	5
Sg-1	112	St. Georgen	Germany	200-300	47.984826	7.797875	Estimated location	20	28	40	41	43	44	47	48	43	34	22	18	145	125	96	96	107	141	131	133	117	111	122	109	12	11	10	11	12	13	13	12	11	10	11	12	-1.6	-0.7	2.7	6.3	10.6	13.9	15.6	15.1	12.3	7.2	2.8	-0.5	5.7	6.8	9.1	9.9	10.6	10.5	10.5	10.4	9.7	7.9	5.6	4.9
Uk-1	113	Umkirch	Germany	200-300	48.032906	7.761126	Estimated location	20	28	40	41	43	44	47	48	43	34	22	18	145	125	96	96	107	141	131	133	117	111	122	109	12	11	10	11	12	13	13	12	11	10	11	12	-1.6	-0.7	2.7	6.3	10.6	13.9	15.6	15.1	12.3	7.2	2.8	-0.5	5.7	6.8	9.1	9.9	10.6	10.5	10.5	10.4	9.7	7.9	5.6	4.9
Is-0	114	Isenburg/Neuwied	Germany	100-200	50.477205	7.588778	Estimated location	17	24	36	40	43	43	41	42	40	31	18	14	71	62	49	60	64	79	81	84	62	64	67	67	12	11	10	10	10	10	12	12	10	11	11	12	-0.2	0.6	4.5	9	12.4	15.5	17.1	16.6	13.7	8.9	4.5	1	5	5.9	8.5	9.7	10.8	10.6	10.2	10.1	9.4	7.7	5.1	4.6
Ak-1	115	Achkarren/Freiburg	Germany	200-300	48.068977	7.625527	Estimated location	20	28	41	42	46	47	49	49	44	34	20	16	41	35	40	47	64	84	79	75	68	51	50	38	10	8	8	9	9	10	10	10	9	9	9	10	1	2.3	6.3	10	14	17.3	19	18.4	15.5	10.2	5.5	1.9	5.8	7.2	9.8	10.7	11.5	11.3	11.4	11.3	10.5	8.7	5.9	5
Do-0	116	Donsbach/Westerw.	Germany	200-300	50.722943	8.237157	Estimated location	17	24	36	39	44	43	42	43	40	31	17	14	85	72	54	63	63	75	83	86	68	71	76	77	12	11	10	10	10	11	12	12	10	11	11	12	-0.7	0	3.6	7.5	11.7	14.8	16.5	16	13	8.2	4	0.6	5.1	5.9	8.5	9.7	10.7	10.7	10.3	10.3	9.5	7.6	5.1	4.6
Ga-0	117	Gabelstein	Germany	100-200	52.565165	13.405609	No precise location within country	20	24	38	42	48	49	46	48	47	34	18	15	44	39	33	42	47	63	73	68	48	47	45	42	10	8	8	9	9	9	10	9	9	9	9	10	-0.8	-0.2	3.5	8.5	13.7	17	18.7	17.9	14.3	9	4.3	0.8	5.2	6.3	8	9.7	11	11.1	10.3	10.3	10.2	7.8	5.3	4.7
Gu-0	118	Gluckingen	Germany	100-200	50.3913	8.004642	Estimated location	17	24	36	39	44	43	42	43	40	31	17	14	85	72	54	63	63	75	83	86	68	71	76	77	12	11	10	10	10	11	12	12	10	11	11	12	-0.7	0	3.6	7.5	11.7	14.8	16.5	16	13	8.2	4	0.6	5.1	5.9	8.5	9.7	10.7	10.7	10.3	10.3	9.5	7.6	5.1	4.6
Si-0	120	Siegen	Germany	200-300	50.879774	8.024025	Estimated location	17	24	35	39	43	43	40	41	39	31	17	14	113	97	70	81	70	88	94	103	81	92	98	102	13	12	10	11	11	11	13	12	11	12	12	13	-0.6	-0.1	3.3	6.8	11.2	14.2	15.8	15.2	12.4	7.9	4	0.8	4.8	5.5	7.9	9.2	10.2	10.2	9.8	9.7	9	7.2	4.9	4.5
Old-1	121	Oldenburg	Germany	1-100	53.144423	8.216972	Estimated location	19	24	34	42	46	45	40	43	42	31	20	15	58	48	42	46	50	57	89	80	58	59	60	57	12	10	10	10	10	10	12	12	10	11	12	12	0.5	1	4	8	12.4	15.6	17.1	16.8	13.8	9.3	5.2	2.1	4.5	5	6.7	7.9	9	8.8	8.3	8.2	7.7	6.3	4.6	4.1
Fe-1	122	Freiburg	Germany	200-300	48.005222	7.85099	Estimated location	20	28	40	41	43	44	47	48	43	34	22	18	145	125	96	96	107	141	131	133	117	111	122	109	12	11	10	11	12	13	13	12	11	10	11	12	-1.6	-0.7	2.7	6.3	10.6	13.9	15.6	15.1	12.3	7.2	2.8	-0.5	5.7	6.8	9.1	9.9	10.6	10.5	10.5	10.4	9.7	7.9	5.6	4.9
Wl-0	123	Wildbad	Germany	600-700	48.755419	8.552055	Estimated location	18	26	40	42	46	46	49	50	43	33	20	15	73	65	52	66	74	94	86	87	74	63	66	59	11	10	9	10	10	11	11	11	10	10	10	11	0.4	1.3	5.2	9.3	13.6	16.8	18.6	17.8	14.5	9.4	5	1.3	5.7	7	9.7	10.8	11.6	11.3	11.1	11.1	10.5	8.6	5.9	5
Bsch-0	125	Buchschlag/FFM	Germany	1-100	50.021103	8.666825	Estimated location	17	24	37	40	44	44	44	45	41	32	18	14	54	46	38	47	58	68	65	71	52	52	54	55	12	10	9	10	10	10	11	11	9	10	10	11	-0.3	0.6	4.6	8.6	12.9	16	17.6	17	13.9	8.8	4.4	0.9	5.3	6.2	9	10.1	11.1	10.9	10.6	10.6	9.9	8	5.3	4.7
Da-0	126	Darmstadt	Germany	100-200	49.880168	8.652306	Estimated location	17	24	37	40	44	44	44	45	41	32	18	14	54	46	38	47	58	68	65	71	52	52	54	55	12	10	9	10	10	10	11	11	9	10	10	11	-0.3	0.6	4.6	8.6	12.9	16	17.6	17	13.9	8.8	4.4	0.9	5.3	6.2	9	10.1	11.1	10.9	10.6	10.6	9.9	8	5.3	4.7
Fr-2	128	Frankfurt	Germany	1-100	50.129647	8.681717	Estimated location	17	24	37	40	44	44	44	45	41	32	18	14	54	46	38	47	58	68	65	71	52	52	54	55	12	10	9	10	10	10	11	11	9	10	10	11	-0.3	0.6	4.6	8.6	12.9	16	17.6	17	13.9	8.8	4.4	0.9	5.3	6.2	9	10.1	11.1	10.9	10.6	10.6	9.9	8	5.3	4.7
Mnz-0	129	Mainz	Germany	1-100	50.001252	8.266411	Estimated location	17	24	37	40	44	44	44	45	41	32	18	14	54	46	38	47	58	68	65	71	52	52	54	55	12	10	9	10	10	10	11	11	9	10	10	11	-0.3	0.6	4.6	8.6	12.9	16	17.6	17	13.9	8.8	4.4	0.9	5.3	6.2	9	10.1	11.1	10.9	10.6	10.6	9.9	8	5.3	4.7
Ca-0	130	Camberg/Taunus	Germany	300-400	50.180479	8.516972	Estimated location	17	24	37	40	44	44	44	45	41	32	18	14	54	46	38	47	58	68	65	71	52	52	54	55	12	10	9	10	10	10	11	11	9	10	10	11	-0.3	0.6	4.6	8.6	12.9	16	17.6	17	13.9	8.8	4.4	0.9	5.3	6.2	9	10.1	11.1	10.9	10.6	10.6	9.9	8	5.3	4.7
Db-0	131	Dombachtal/Ts.	Germany	300-400	50.180479	8.516972	Estimated location	17	24	37	40	44	44	44	45	41	32	18	14	54	46	38	47	58	68	65	71	52	52	54	55	12	10	9	10	10	10	11	11	9	10	10	11	-0.3	0.6	4.6	8.6	12.9	16	17.6	17	13.9	8.8	4.4	0.9	5.3	6.2	9	10.1	11.1	10.9	10.6	10.6	9.9	8	5.3	4.7
Db-1	132	Tenne/Ts.	Germany	400-500	50.281952	8.364701	Estimated location	17	24	36	39	44	44	43	44	40	31	15	13	63	55	42	51	56	68	71	75	57	57	58	58	13	11	10	10	10	11	12	11	10	11	11	12	-0.7	0.1	3.9	8.1	12.4	15.6	17.2	16.5	13.4	8.4	4.1	0.6	5.1	5.9	8.6	9.7	10.8	10.7	10.4	10.3	9.6	7.6	5.1	4.6
Ep-0	133	Eppenheim/Taunus	Germany	300-400	50.180479	8.516972	Estimated location	17	24	37	40	44	44	44	45	41	32	18	14	54	46	38	47	58	68	65	71	52	52	54	55	12	10	9	10	10	10	11	11	9	10	10	11	-0.3	0.6	4.6	8.6	12.9	16	17.6	17	13.9	8.8	4.4	0.9	5.3	6.2	9	10.1	11.1	10.9	10.6	10.6	9.9	8	5.3	4.7
Fi-0	134	Frickhofen	Germany	300-400	50.505053	8.025827	Estimated location	17	24	36	39	44	43	42	43	40	31	17	14	85	72	54	63	63	75	83	86	68	71	76	77	12	11	10	10	10	11	12	12	10	11	11	12	-0.7	0	3.6	7.5	11.7	14.8	16.5	16	13	8.2	4	0.6	5.1	5.9	8.5	9.7	10.7	10.7	10.3	10.3	9.5	7.6	5.1	4.6
Gie-0	135	Gieben	Germany	100-200	50.589602	8.665237	Estimated location	17	24	36	39	44	44	43	44	40	31	15	13	63	55	42	51	56	68	71	75	57	57	58	58	13	11	10	10	10	11	12	11	10	11	11	12	-0.7	0.1	3.9	8.1	12.4	15.6	17.2	16.5	13.4	8.4	4.1	0.6	5.1	5.9	8.6	9.7	10.8	10.7	10.4	10.3	9.6	7.6	5.1	4.6
Kb-0	136	Kronberg/Taunus	Germany	100-200	50.180479	8.516972	Estimated location	17	24	37	40	44	44	44	45	41	32	18	14	54	46	38	47	58	68	65	71	52	52	54	55	12	10	9	10	10	10	11	11	9	10	10	11	-0.3	0.6	4.6	8.6	12.9	16	17.6	17	13.9	8.8	4.4	0.9	5.3	6.2	9	10.1	11.1	10.9	10.6	10.6	9.9	8	5.3	4.7
Ma-0	137	Marburg/Lahn	Germany	200-300	50.819538	8.77494	Estimated location	18	24	35	39	44	44	42	43	39	30	16	13	58	53	39	50	55	70	76	74	55	52	56	56	13	12	10	11	11	11	12	12	11	11	12	12	-1.2	-0.4	3.2	7.4	11.8	14.9	16.6	16	12.8	7.9	3.6	0.2	5	5.8	8.1	9.4	10.4	10.3	9.9	9.9	9.3	7.4	5	4.6
Mz-0	138	Merzhausen/Ts.	Germany	400-500	47.966842	7.828946	Estimated location	20	28	40	41	43	44	47	48	43	34	22	18	145	125	96	96	107	141	131	133	117	111	122	109	12	11	10	11	12	13	13	12	11	10	11	12	-1.6	-0.7	2.7	6.3	10.6	13.9	15.6	15.1	12.3	7.2	2.8	-0.5	5.7	6.8	9.1	9.9	10.6	10.5	10.5	10.4	9.7	7.9	5.6	4.9
Nie-0	139	Niederlauken/Ts.	Germany	300-400	50.345477	8.432679	Estimated location	17	24	36	39	44	44	43	44	40	31	15	13	63	55	42	51	56	68	71	75	57	57	58	58	13	11	10	10	10	11	12	11	10	11	11	12	-0.7	0.1	3.9	8.1	12.4	15.6	17.2	16.5	13.4	8.4	4.1	0.6	5.1	5.9	8.6	9.7	10.8	10.7	10.4	10.3	9.6	7.6	5.1	4.6
Nw-0	140	Neuweilnau	Germany	100-200	50.318356	8.408046	Estimated location	17	24	36	39	44	44	43	44	40	31	15	13	63	55	42	51	56	68	71	75	57	57	58	58	13	11	10	10	10	11	12	11	10	11	11	12	-0.7	0.1	3.9	8.1	12.4	15.6	17.2	16.5	13.4	8.4	4.1	0.6	5.1	5.9	8.6	9.7	10.8	10.7	10.4	10.3	9.6	7.6	5.1	4.6
Pr-0	141	Frankfurt	Germany	100-200	50.127005	8.680344	Estimated location	17	24	37	40	44	44	44	45	41	32	18	14	54	46	38	47	58	68	65	71	52	52	54	55	12	10	9	10	10	10	11	11	9	10	10	11	-0.3	0.6	4.6	8.6	12.9	16	17.6	17	13.9	8.8	4.4	0.9	5.3	6.2	9	10.1	11.1	10.9	10.6	10.6	9.9	8	5.3	4.7
Rd-0	142	Rodenbach/Dill	Germany	600-700	50.774238	8.205539	Estimated location	17	24	35	39	43	43	40	41	39	31	17	14	113	97	70	81	70	88	94	103	81	92	98	102	13	12	10	11	11	11	13	12	11	12	12	13	-0.6	-0.1	3.3	6.8	11.2	14.2	15.8	15.2	12.4	7.9	4	0.8	4.8	5.5	7.9	9.2	10.2	10.2	9.8	9.7	9	7.2	4.9	4.5
Ru-0	143	Ruppachtal/Taunus	Germany	100-200	52.565165	13.405609	No precise location within country	20	24	38	42	48	49	46	48	47	34	18	15	44	39	33	42	47	63	73	68	48	47	45	42	10	8	8	9	9	9	10	9	9	9	9	10	-0.8	-0.2	3.5	8.5	13.7	17	18.7	17.9	14.3	9	4.3	0.8	5.2	6.3	8	9.7	11	11.1	10.3	10.3	10.2	7.8	5.3	4.7
Vi-0	144	Vilbel/Taunus	Germany	100-200	52.565165	13.405609	No precise location within country	20	24	38	42	48	49	46	48	47	34	18	15	44	39	33	42	47	63	73	68	48	47	45	42	10	8	8	9	9	9	10	9	9	9	9	10	-0.8	-0.2	3.5	8.5	13.7	17	18.7	17.9	14.3	9	4.3	0.8	5.2	6.3	8	9.7	11	11.1	10.3	10.3	10.2	7.8	5.3	4.7
Hn-0	145	Hennetalsperre	Germany	400-500	51.338183	8.266811	Estimated location	17	24	35	39	44	44	40	42	40	31	17	14	76	66	48	65	64	77	90	86	66	72	71	66	12	11	10	11	10	10	12	11	10	11	11	12	0.3	0.7	3.9	7.7	11.9	15	16.7	16.2	13.3	8.9	4.9	1.7	4.8	5.5	7.7	9	10	10	9.5	9.5	8.9	7.1	4.8	4.4
Ove-0	146	Ovelgönne	Germany	1-100	53.544956	9.905412	Estimated location	19	24	35	43	47	47	43	44	45	32	17	14	59	51	40	53	56	62	89	85	63	61	60	58	13	11	9	10	10	10	12	12	11	12	12	13	0.2	0.5	3.6	8	12.6	15.8	17.5	16.9	13.7	9.1	4.9	1.9	4.6	5.4	6.8	8.2	9.4	9.2	8.7	8.5	8.1	6.6	4.7	4.1
Pf-0	147	Pfrondorf	Germany	300-400	48.548393	9.110656	Estimated location	19	27	40	42	46	47	51	51	44	34	22	17	50	44	39	49	74	95	85	79	69	47	46	40	12	10	9	10	11	12	12	11	10	10	11	11	-0.4	0.7	4.6	8.7	13	16.2	18	17.2	14	8.8	4.3	0.6	5.9	7.3	9.8	10.7	11.4	11.2	11.1	11	10.4	8.7	6.2	5.3
Mr-0	148	Monte/Tosso	Italy	1000-1500	37.174762	14.770203	Estimated location	48	52	53	59	65	72	79	80	69	58	54	48	93	61	54	29	18	8	2	7	33	75	81	94	10	7	7	4	3	1	1	1	4	7	8	10	10.9	11.4	12.8	15.3	18.8	23.2	26	26.9	23.8	20	16.1	12.5	5.7	6.1	6.6	6.9	7.5	8.1	8.5	8.1	7.4	6.5	6	5.6
Mrk-0	149	Markt/Baden	Germany	200-300	50.74252	7.096903	Estimated location	17	24	36	41	44	44	41	43	41	32	18	14	49	43	35	51	60	73	62	77	48	43	48	44	12	11	10	10	10	10	11	11	10	11	11	12	1.1	1.7	5.1	8.8	12.9	16.1	17.7	17.1	14.3	9.6	5.6	2.4	5.1	6.1	8.8	10	11	10.8	10.3	10.1	9.6	7.9	5.3	4.6
El-0	150	Ellershausen	Germany	100-200	51.081867	8.8905	Estimated location	18	24	35	39	44	44	42	43	39	30	16	13	58	53	39	50	55	70	76	74	55	52	56	56	13	12	10	11	11	11	12	12	11	11	12	12	-1.2	-0.4	3.2	7.4	11.8	14.9	16.6	16	12.8	7.9	3.6	0.2	5	5.8	8.1	9.4	10.4	10.3	9.9	9.9	9.3	7.4	5	4.6
Me-0	151	Mechtshausen/Hessen	Germany	200-300	51.919211	10.11014	Estimated location	19	24	36	41	45	47	42	45	42	32	18	16	59	54	41	51	57	70	82	75	53	61	57	55	14	12	10	11	11	11	13	12	11	12	12	13	-0.1	0.3	3.8	8.2	12.6	15.7	17.3	16.9	13.7	9.1	4.9	1.6	5	6.3	7.8	9.4	10.3	10.4	9.8	9.8	9.4	7.3	5	4.6
Ha-0	152	Hannover	Germany	1-100	52.379078	9.735146	Estimated location	19	24	35	42	46	47	43	45	43	32	18	17	54	48	43	48	53	63	84	73	53	56	55	52	13	11	10	10	10	11	12	12	11	11	12	12	0	0.5	3.7	8.2	12.8	16	17.5	17.1	13.8	9.1	4.9	1.7	4.9	5.8	7.4	8.9	9.9	9.9	9.3	9.3	8.9	7	4.9	4.5
Hl-0	153	Holtensen	Germany	300-400	51.563695	9.887166	Estimated location	19	25	36	40	44	45	42	44	40	31	17	15	48	46	34	45	61	68	83	73	52	56	51	50	15	13	11	12	12	12	14	13	12	12	13	13	-0.8	-0.2	3.4	7.6	12	15.2	16.8	16.2	13	8.4	4.2	0.8	5.2	6.6	8.1	9.7	10.5	10.6	10.1	10.1	9.7	7.6	5	4.7
Hs-0	154	Hannover/Stroehen	Germany	1-100	52.379917	9.737205	Estimated location	19	24	35	41	46	47	42	45	42	32	18	17	52	47	40	48	54	62	85	74	53	55	54	51	12	11	9	10	10	10	12	11	10	11	11	12	0.4	0.7	3.8	8.3	12.8	16	17.5	17.1	13.9	9.2	5.2	2	4.8	5.6	7.3	8.7	9.8	9.8	9.2	9.2	8.7	6.9	4.8	4.3
Cen-0	158	Caen	France	1-100	49.188278	-0.359859	Estimated location	26	32	44	49	51	47	47	49	46	37	26	20	73	59	47	49	55	47	56	62	68	76	79	69	11	9	8	8	8	7	7	8	8	10	10	11	4.3	4.8	6.9	9	12.2	15	17	17	15.1	11.8	7.7	5.4	5.6	6.2	8.3	9	9.5	9.8	9.7	9.5	9	7.9	6.2	5.3
Pog-0	159	Point Grey (B.C. )	Canada	1-100	49.269664	-123.198338	Estimated location	25	34	38	46	51	47	58	56	49	37	27	22	115	98	80	53	41	52	29	32	40	84	105	131	19	16	16	14	12	12	9	9	10	15	17	19	-7.2	-5.1	-2.3	1.4	5.5	7.9	10.6	10.3	7.7	3	-2	-4.9	6.2	7.7	8.7	10.4	11.6	11.1	12.8	12.4	10.9	7.4	5.1	5.1
Ri-0	160	Richmond (B.C.)	Canada	1-100	49.17928	-123.134995	Estimated location	21	31	36	45	51	48	61	58	49	36	24	19	145	123	101	63	50	50	28	34	56	116	142	169	19	15	16	13	11	11	7	8	9	15	17	19	2	3.3	5.5	8.6	12	14.6	16.6	16.5	13.7	9.7	5.5	3.5	4.9	6.1	7.7	10.3	10.8	10.2	11.8	11.4	9.9	7.4	5	4.5
Van-0	161	U. of British Columbia	Canada	1-100	49.265855	-123.254642	Estimated location	23	33	37	45	50	46	57	54	48	36	25	21	137	115	98	64	48	54	33	36	49	105	130	157	19	16	16	14	12	12	9	10	11	15	18	20	-4	-2.2	0.3	3.8	7.6	10.1	12.3	12	9.5	5.2	0.6	-2.1	5.9	7.3	8.4	10.4	11.4	10.9	12.6	12.2	10.6	7.3	4.9	4.9
Ct-1	162	Catania	Italy	1-100	37.514247	15.089607	Estimated location	45	49	50	55	61	68	75	74	67	56	53	46	162	97	111	45	27	13	5	12	60	93	138	180	11	8	8	5	4	2	1	2	4	7	9	11	8.8	9.4	11.1	14	17.8	22.7	25.5	25.5	22.4	18.1	14	10.3	5.4	6	6.5	7	7.9	8.4	8.9	8.6	7.8	6.7	5.9	5.3
Can-0	163	Unknown	Spain	1200-1300	40.435764	-3.698502	No precise location within country	44	51	49	55	58	69	80	80	65	55	48	41	28	29	37	40	49	35	17	16	36	37	47	42	5	5	6	6	6	4	2	2	4	5	6	6	3.6	5.1	8.2	10.9	14.4	19.1	23	22.5	18.6	12.9	7.8	4.4	7.4	9.1	10.3	10.6	11.4	12.5	13.5	12.8	11.8	9.6	8.4	7.3
Na-1	164	Nantes	France	1-100	47.225304	-1.557426	Estimated location	27	33	44	49	50	51	52	52	47	40	27	23	77	63	54	46	54	46	47	57	68	76	87	88	11	9	9	8	8	7	8	7	8	10	10	12	4.9	5.5	8.4	10.6	13.6	16.8	18.6	18.6	16.4	12.3	8.2	5.5	5.4	6.3	8.2	8.9	9.3	9.6	9.6	9.7	8.9	7.7	6	5.2
Cvi-0	166	Cape Verdi Islands	Cape Verde Islands	1100-1200	15.064698	-23.7323	Estimated location	90	92	86	86	86	79	68	66	77	86	91	92	0	0	0	0	10	15	108	178	37	1	0	0	0	0	0	0	2	3	9	12	5	1	0	0	19.2	20.1	24	27.3	28.9	29.3	27.2	25.6	26.3	25.5	22.2	19.6	21.1	21.3	20.9	19.4	17.9	16.1	13.4	11.7	15.1	17.9	19.2	20.5
Pn-0	167	Pontivy	France	100-200	48.068054	-2.967396	Estimated location	27	32	42	47	49	48	47	49	45	37	27	23	99	77	68	60	60	51	51	72	72	87	103	109	13	11	10	9	9	8	8	9	10	11	12	14	5	5.2	7.5	9.6	12.3	15.1	16.6	16.8	15.2	11.7	8.1	5.8	4.4	4.9	6.2	6.7	7.3	7.4	7.1	7.3	6.7	5.7	4.7	4.3
Su-0	168	Southport	United Kingdom	1-100	53.66116	-3.010483	Estimated location	18	24	30	37	40	39	33	35	32	27	20	16	84	58	53	52	65	63	78	91	84	87	93	89	18	15	13	13	13	13	15	15	15	16	17	19	3.3	3.3	5.3	7.6	10.6	13.5	15	14.9	13	10	6.5	4.5	4.9	5.3	6.8	7.3	8.3	7.8	7.1	7.3	6.9	6.1	5	4.6
Lan-0	169	Lanark	United Kingdom	100-200	55.675774	-3.7819	Estimated location	17	24	27	34	37	35	28	30	29	23	20	15	125	82	86	71	78	77	92	96	121	125	127	121	18	15	15	15	14	14	17	16	16	18	18	19	2.2	2.6	4.5	6.7	9.6	12.7	13.8	13.7	11.5	8.9	5.1	3.7	5.4	5.9	7	8.1	9.1	9.1	8.3	8.1	7.7	6.6	5.9	5.2
Lc-0	171	Loch Ness (GB)	United Kingdom	1-100	57.338604	-4.423599	Estimated location	15	23	28	30	33	30	23	26	27	23	17	12	128	87	83	74	67	71	87	93	111	137	133	140	21	18	17	17	16	16	19	18	19	21	20	21	1.6	2	4.1	6.1	8.8	11.8	13.3	13	11	8.2	4.5	3.2	5.3	5.9	6.8	7.8	8.8	8.7	7.7	7.7	7.4	6.3	5.7	5
Bur-0	172	Burren (Eire)	Ireland	1-100	53.871791	-9.391279	Estimated location	21	25	28	35	40	33	26	31	28	25	22	17	186	119	133	94	100	103	107	128	155	169	189	201	21	18	18	17	16	17	20	20	20	21	21	23	4.7	4.8	6.2	8	10.4	12.8	14	14.1	12.7	10.5	7.1	5.9	5.3	5.4	6.1	6.9	7.5	6.9	6.3	6.7	6.3	5.8	5.3	5
Co-4	174	Coimbra	Portugal	100-200	40.230581	-8.430862	Estimated location	48	55	51	60	58	63	73	74	64	58	51	48	154	116	148	88	76	36	12	15	54	92	124	159	6	5	7	4	4	2	1	1	2	4	5	7	8.6	9.9	12.3	14.3	15.9	19.2	21.2	21.4	19.9	16.8	12.5	9.5	7.3	8.3	8.4	9.6	9.8	10.8	12	12.1	10.8	9.5	7.7	7.2
Mh-0	175	Mülhen (OstPr)	Poland		52.244031	21.011124	No precise location within country	19	21	34	37	47	47	43	44	43	34	18	14	22	25	23	35	44	62	80	66	41	35	35	30	14	13	11	11	11	12	14	13	11	11	13	15	-3.4	-2.5	1.6	8	14.1	17.5	19.2	18.2	14	8.4	3.1	-0.4	5.5	6.6	7.5	9.1	11.2	11.1	10.1	10.1	10	8.1	5	4.5
Tol-0	176	Toledo. OH	USA		41.674604	-83.554573	Estimated location	42	40	46	51	59	65	70	68	64	56	36	31	50	44	67	79	83	93	86	81	71	57	67	59	14	13	14	13	13	11	9	9	9	9	13	14	-3.8	-2.5	2.7	9.3	15.6	21.2	23.4	22.1	18.3	11.9	5.2	-1.3	8.1	8.6	9.5	11.1	11.7	11.6	11.5	11.4	11.6	11.1	8.6	7.5
Abd-0	177	Kingswells. Aberdeen	United Kingdom		57.152179	-2.218909	Estimated location	23	29	30	35	36	34	30	31	33	29	23	20	76	51	55	50	61	53	80	72	67	84	83	74	19	16	15	15	14	14	16	16	16	18	19	19	2.3	2.7	4.4	6.5	9	12.1	13.8	13.6	11.6	8.7	5.2	3.9	4.8	5.2	5.5	6.6	6.4	6.7	6.6	6.3	6.4	5.6	4.9	4.6
Alc-0	178	Alcalá de Henares/Madrid	Spain		40.487771	-3.363247	Estimated location	44	51	49	55	58	69	80	80	65	55	48	41	28	29	37	40	49	35	17	16	36	37	47	42	5	5	6	6	6	4	2	2	4	5	6	6	3.6	5.1	8.2	10.9	14.4	19.1	23	22.5	18.6	12.9	7.8	4.4	7.4	9.1	10.3	10.6	11.4	12.5	13.5	12.8	11.8	9.6	8.4	7.3
M7323S	179	Unknown	Unknown		NA	NA	nd	NA	NA	NA	NA	NA	NA	NA	NA	NA	NA	NA	NA	NA	NA	NA	NA	NA	NA	NA	NA	NA	NA	NA	NA	NA	NA	NA	NA	NA	NA	NA	NA	NA	NA	NA	NA	NA	NA	NA	NA	NA	NA	NA	NA	NA	NA	NA	NA	NA	NA	NA	NA	NA	NA	NA	NA	NA	NA	NA	NA
Blh-1	180	Bulhary	Czechoslovakia	100-200	48.295905	19.848318	Estimated location	24	29	39	41	46	44	49	47	49	40	24	18	44	47	51	62	87	128	128	104	69	71	66	51	13	12	11	12	13	13	13	12	10	11	12	13	-5.3	-3.7	0.9	5.4	11.6	14.7	16.7	16	12.4	6.9	1.6	-2.2	8.1	8.4	9.7	7.6	11	10.7	10.9	10.9	11.1	10	7.1	6.6
Bu-0	182	Burghaun/Rhon	Germany		50.733743	9.739033	Estimated location	18	25	36	40	44	45	44	44	40	31	16	14	75	64	45	57	62	82	81	84	69	70	69	70	13	12	10	11	11	11	12	12	11	11	12	12	-1.6	-1	3	7.2	11.7	14.9	16.5	16	12.9	7.8	3.4	-0.2	5.1	6.3	8.6	9.8	10.7	10.6	10.3	10.3	9.8	7.8	5.2	4.7
C24	183	Unknown	Unknown		40.235823	-8.422623	Estimated location	48	55	51	60	58	63	73	74	64	58	51	48	154	116	148	88	76	36	12	15	54	92	124	159	6	5	7	4	4	2	1	1	2	4	5	7	8.6	9.9	12.3	14.3	15.9	19.2	21.2	21.4	19.9	16.8	12.5	9.5	7.3	8.3	8.4	9.6	9.8	10.8	12	12.1	10.8	9.5	7.7	7.2
Cnt-1	185	Canterbury	United Kingdom		51.284381	1.079292	Estimated location	21	26	34	40	43	45	41	43	40	33	22	18	54	38	41	38	47	43	46	52	54	61	65	55	16	13	11	12	11	11	12	12	12	13	15	16	3.7	4	6.1	8.8	12	15.2	17.1	16.9	14.8	11.3	7.1	5.1	4.9	5.4	6.7	7.6	8.1	8.3	8.1	8.1	7.6	6.5	5.3	4.8
Col-0	186	Gorzow Wielkopolski (Landsberg/Warthe)	Poland	1-100	52.738911	15.237236	Estimated location	19	23	36	40	48	49	46	48	47	34	19	16	37	31	31	41	48	57	76	69	49	49	38	39	11	10	9	10	9	10	11	10	9	10	10	11	-1.2	-0.9	3	7.3	13	16.2	18.2	17.3	13.8	8.8	3.6	0.4	5.2	6.4	7.8	9.3	10.8	11	10	9.9	9.9	7.6	5.2	4.9
Kondara	190	Kondara	Tadjikistan	1000-1100	38.550475	68.781166	No precise location within country	37	32	27	32	46	66	77	84	85	67	47	39	98	135	193	185	119	31	12	8	3	35	88	106	10	11	13	12	12	8	4	2	1	4	7	10	-5.5	-4	-0.3	5.5	10.8	15.2	18.7	18.2	14.1	7.6	2.1	-2.4	8.6	8.3	9	10.2	11.2	12.6	13.7	14.2	14.2	12	9.4	7.8
Da(1)-12	191	Unknown	Czechoslovakia		50.124804	14.322509	Estimated location	19	24	37	40	47	47	45	50	44	33	18	16	23	24	24	34	63	70	83	67	37	41	27	26	12	11	10	11	12	12	13	12	10	11	11	12	-2.4	-1.4	3	7.8	13.1	16.2	18	17.5	13.8	8.3	3.1	-0.5	5.8	6.8	8.3	9.8	10.9	10.9	10.2	10.7	10.4	8.8	5.4	5.4
Dra-0	194	Drahonin	Czechoslovakia	400-500	49.415809	16.276731	Estimated location	18	25	35	39	46	45	44	47	44	34	19	16	46	42	40	51	70	87	102	85	53	57	50	48	13	12	12	12	13	13	14	13	11	12	13	14	-3.8	-2.3	1.4	6.5	11.6	15.1	16.6	16	12.4	7.1	2.4	-1.3	5.3	6.2	7.7	9	9.8	9.6	9.5	9.6	9.3	7.7	5.3	5.5
Ema-1	195	East Malling	United Kingdom		51.286894	0.449352	Estimated location	21	26	34	40	43	45	41	43	40	33	22	18	54	38	41	38	47	43	46	52	54	61	65	55	16	13	11	12	11	11	12	12	12	13	15	16	3.7	4	6.1	8.8	12	15.2	17.1	16.9	14.8	11.3	7.1	5.1	4.9	5.4	6.7	7.6	8.1	8.3	8.1	8.1	7.6	6.5	5.3	4.8
Enkheim-T	197	Enkheim/Frankfurt	Germany	100-200	50.156517	8.753686	Estimated location	18	25	37	40	45	46	46	46	41	31	16	14	70	58	45	60	63	85	86	90	67	68	65	65	12	11	9	10	10	11	11	11	10	10	11	11	-0.4	0.6	4.6	8.5	13	16.2	17.8	17.1	13.9	8.8	4.4	0.8	5.3	6.4	9.1	10.1	11.1	11	10.7	10.7	10.1	8.1	5.3	4.8
Fl-1	199	Finland	Finland		60.165563	24.858397	No precise location within country	18	26	37	40	47	47	44	42	33	25	16	15	55	41	37	39	42	50	62	72	74	75	65	64	17	15	12	12	11	12	14	14	14	16	17	17	-5.6	-6.4	-3.8	2.3	8.6	13.7	17	15.7	11	5.6	1.3	-2.4	5.9	6.2	7.9	8	10	9.6	9.3	8.6	7.3	5.2	4.1	4.5
Gre-0	200	Greenville (MI)	USA		43.179683	-85.253077	Estimated location	29	42	49	54	60	65	73	69	61	55	33	28	49	40	61	82	77	88	77	88	91	71	73	66	14	13	13	12	12	11	9	9	10	10	13	14	-5.5	-4.5	0.5	7.7	14.1	19.3	21.7	20.5	16.3	10.3	3.4	-2.8	8.9	10.1	10.8	12.9	14.2	14	14.1	13.8	13.3	12.3	9.1	7.9
H55	201	Unknown	Czechoslovakia		50.101467	14.4207	No precise location within country	19	24	37	40	47	47	45	50	44	33	18	16	23	24	24	34	63	70	83	67	37	41	27	26	12	11	10	11	12	12	13	12	10	11	11	12	-2.4	-1.4	3	7.8	13.1	16.2	18	17.5	13.8	8.3	3.1	-0.5	5.8	6.8	8.3	9.8	10.9	10.9	10.2	10.7	10.4	8.8	5.4	5.4
Hi-0	202	Hilversum	Netherlands	1-100	52.232131	5.173759	Estimated location	21	25	34	40	44	45	39	42	39	31	19	17	66	50	50	50	54	67	79	88	67	69	77	78	18	15	15	15	15	14	17	17	16	17	19	19	2.2	2.4	4.9	8.1	12.3	15.3	16.8	16.6	14.1	11.6	5.8	3.3	4.4	5	6.5	7.4	8.2	8.2	7.7	7.6	7.4	6.4	4.8	4.2
Hodja-Obi-Garm	203	Khodga-Obi-Garm	Tadjikistan	1700-1800	38.550475	68.781166	No precise location within country	37	32	27	32	46	66	77	84	85	67	47	39	98	135	193	185	119	31	12	8	3	35	88	106	10	11	13	12	12	8	4	2	1	4	7	10	-5.5	-4	-0.3	5.5	10.8	15.2	18.7	18.2	14.1	7.6	2.1	-2.4	8.6	8.3	9	10.2	11.2	12.6	13.7	14.2	14.2	12	9.4	7.8
Je54	204	Unknown	Czechoslovakia		50.101467	14.4207	No precise location within country	19	24	37	40	47	47	45	50	44	33	18	16	23	24	24	34	63	70	83	67	37	41	27	26	12	11	10	11	12	12	13	12	10	11	11	12	-2.4	-1.4	3	7.8	13.1	16.2	18	17.5	13.8	8.3	3.1	-0.5	5.8	6.8	8.3	9.8	10.9	10.9	10.2	10.7	10.4	8.8	5.4	5.4
Jl-3	205	Vranov u Brna	Czechoslovakia	400-500	49.313071	16.614046	Estimated location	18	25	35	39	46	45	44	47	44	34	19	16	46	42	40	51	70	87	102	85	53	57	50	48	13	12	12	12	13	13	14	13	11	12	13	14	-3.8	-2.3	1.4	6.5	11.6	15.1	16.6	16	12.4	7.1	2.4	-1.3	5.3	6.2	7.7	9	9.8	9.6	9.5	9.6	9.3	7.7	5.3	5.5
Jm-0	206	Jamolice	Czechoslovakia	300-400	49.074237	16.253214	Estimated location	18	26	36	41	48	47	48	51	46	36	18	15	38	37	35	43	63	79	90	76	44	51	47	42	13	12	11	12	13	13	13	12	10	12	12	13	-2.9	-1.2	2.8	8.1	13.1	16.5	18.1	17.4	13.7	8.2	3.3	-0.5	5.3	6.3	8	9.6	10.1	9.9	10	10.1	9.8	8.1	5.2	5
Kin-0	209	Kindalville (MI)	USA		43.585166	-92.04712	Estimated location	49	55	55	58	60	66	74	70	64	59	43	42	22	22	49	76	96	108	107	102	91	56	44	29	9	9	11	11	12	12	10	10	9	8	9	9	-10	-7.1	-0.7	7.9	14.4	19.5	22	20.7	15.9	9.9	1.1	-6.7	10.8	11.3	10.8	12.3	13.1	12.9	12.9	12.9	12.8	12.1	9.8	9.2
Kro-0	210	Krotzenburg	Germany		50.080784	8.966503	Estimated location	18	25	37	40	45	46	46	46	41	31	16	14	70	58	45	60	63	85	86	90	67	68	65	65	12	11	9	10	10	11	11	11	10	10	11	11	-0.4	0.6	4.6	8.5	13	16.2	17.8	17.1	13.9	8.8	4.4	0.8	5.3	6.4	9.1	10.1	11.1	11	10.7	10.7	10.1	8.1	5.3	4.8
Ksk-1	211	Keswick	United Kingdom		54.601734	-3.136282	Estimated location	16	23	28	34	37	35	29	31	29	25	18	14	182	123	99	92	87	100	122	126	158	173	177	184	17	15	14	13	13	14	15	15	15	17	17	18	2.2	2.5	4.5	6.8	10	12.9	14.4	14.2	12.2	9.2	5.6	3.6	5.1	5.5	6.8	7.7	8.7	8.5	7.8	7.6	7.3	6.5	5.5	4.8
Ler-1	213	Gorzow Wielkopolski (Landsberg)	Poland	1-100	52.739327	15.235176	Estimated location	19	23	36	40	48	49	46	48	47	34	19	16	37	31	31	41	48	57	76	69	49	49	38	39	11	10	9	10	9	10	11	10	9	10	10	11	-1.2	-0.9	3	7.3	13	16.2	18.2	17.3	13.8	8.8	3.6	0.4	5.2	6.4	7.8	9.3	10.8	11	10	9.9	9.9	7.6	5.2	4.9
Loh-0	214	Unknown	Unknown		NA	NA	nd	NA	NA	NA	NA	NA	NA	NA	NA	NA	NA	NA	NA	NA	NA	NA	NA	NA	NA	NA	NA	NA	NA	NA	NA	NA	NA	NA	NA	NA	NA	NA	NA	NA	NA	NA	NA	NA	NA	NA	NA	NA	NA	NA	NA	NA	NA	NA	NA	NA	NA	NA	NA	NA	NA	NA	NA	NA	NA	NA	NA
Mh-1	215	Mülhen (OstPr)	Poland	100-200	52.244031	21.011124	No precise location within country	19	21	34	37	47	47	43	44	43	34	18	14	22	25	23	35	44	62	80	66	41	35	35	30	14	13	11	11	11	12	14	13	11	11	13	15	-3.4	-2.5	1.6	8	14.1	17.5	19.2	18.2	14	8.4	3.1	-0.4	5.5	6.6	7.5	9.1	11.2	11.1	10.1	10.1	10	8.1	5	4.5
Mir-0	216	Miramare/Trieste	Italy	100-200	45.706317	13.718133	Estimated location	32	38	39	42	48	49	58	57	52	47	31	31	82	70	105	121	118	124	85	91	141	142	159	98	8	7	8	10	12	11	9	8	8	10	10	9	3	4	7.4	11.6	15.8	19.9	22.3	22	18.8	13.5	8.6	4.7	5.3	6.5	7.7	8	8.6	9	9.7	9.3	8.7	7.3	4.9	4.4
Nc-1	218	Ville-en-Vermois	France	200-300	48.616717	6.253939	Estimated location	19	28	41	42	46	45	47	46	45	34	18	15	73	63	50	54	62	86	74	79	70	65	71	69	10	9	8	8	9	9	9	9	8	8	9	10	0.8	2.1	5.8	9.2	13.2	16.4	18.1	17.7	15	10.1	5.2	1.8	5.3	6.7	9.9	10.8	11.7	11.3	11.4	11.2	10.3	8.5	5.6	4.6
Nd-1	220	Niederzeuzheim	Germany	200-300	50.470961	8.037	Estimated location	17	24	36	39	44	43	42	43	40	31	17	14	85	72	54	63	63	75	83	86	68	71	76	77	12	11	10	10	10	11	12	12	10	11	11	12	-0.7	0	3.6	7.5	11.7	14.8	16.5	16	13	8.2	4	0.6	5.1	5.9	8.5	9.7	10.7	10.7	10.3	10.3	9.5	7.6	5.1	4.6
Ob-0	222	Oberursel/Hasen	Germany		50.204445	8.576703	Estimated location	17	24	37	40	45	45	46	46	41	31	16	13	58	45	39	47	55	76	74	82	59	56	57	56	12	10	9	10	10	10	11	11	10	10	11	11	-0.2	0.9	5	9.3	13.6	16.8	18.4	17.7	14.4	9.1	4.6	1	5.3	6.4	9.2	10.3	11.3	11.1	10.8	10.8	10	8.1	5.4	4.7
Or-0	223	Oranienstein	Germany		52.565165	13.405609	No precise location within country	20	24	38	42	48	49	46	48	47	34	18	15	44	39	33	42	47	63	73	68	48	47	45	42	10	8	8	9	9	9	10	9	9	9	9	10	-0.8	-0.2	3.5	8.5	13.7	17	18.7	17.9	14.3	9	4.3	0.8	5.2	6.3	8	9.7	11	11.1	10.3	10.3	10.2	7.8	5.3	4.7
Oy-0	224	Oystese	Norway	1-100	60.386478	6.193013	Estimated location	23	34	36	39	39	38	33	36	31	26	24	21	238	216	153	177	99	151	145	176	277	306	261	273	18	16	14	16	13	16	18	18	20	20	19	20	-4.2	-4.4	-1.7	1.9	7.2	10.3	12.9	12	8.7	4.5	0.8	-1.8	4.4	5.3	5.3	6.1	6.9	6.8	6.5	6.3	5.1	4.5	4.1	4.4
M7884S	227	Unknown	Unknown		NA	NA	nd	NA	NA	NA	NA	NA	NA	NA	NA	NA	NA	NA	NA	NA	NA	NA	NA	NA	NA	NA	NA	NA	NA	NA	NA	NA	NA	NA	NA	NA	NA	NA	NA	NA	NA	NA	NA	NA	NA	NA	NA	NA	NA	NA	NA	NA	NA	NA	NA	NA	NA	NA	NA	NA	NA	NA	NA	NA	NA	NA	NA
Rak-2	228	Raksice near Moravsky	Czechoslovakia	200-300	49.031262	16.325312	Estimated location	18	26	36	41	48	47	48	51	46	36	18	15	38	37	35	43	63	79	90	76	44	51	47	42	13	12	11	12	13	13	13	12	10	12	12	13	-2.9	-1.2	2.8	8.1	13.1	16.5	18.1	17.4	13.7	8.2	3.3	-0.5	5.3	6.3	8	9.6	10.1	9.9	10	10.1	9.8	8.1	5.2	5
Rld-2	229	Rschew	Russia		56.267694	34.327612	Estimated location	17	21	30	36	39	39	41	39	31	21	16	15	61	59	54	44	52	76	86	78	64	57	59	63	19	16	15	12	13	14	15	15	15	16	17	19	-9.8	-9.4	-5.1	3.2	10.8	14.8	17	15.2	9.8	3.8	-2.2	-7.3	6.4	7.6	8.5	8.9	11.1	11	10.9	10.3	8.9	6.1	4.6	5.5
RLD1	230	Unknown	Netherlands	1-100	52.385365	4.891548	Estimated location	21	26	34	41	44	45	41	43	39	31	19	17	66	49	47	47	46	52	70	83	78	79	88	77	19	15	15	15	15	14	17	17	17	18	19	20	2.6	2.6	4.9	8	11.9	15	16.7	17	14.9	11	6.8	4	4.1	4.6	5.9	6.6	7.2	7.2	6.8	6.8	6.6	5.8	4.5	4
Rubezhnoe-1	231	Rubezhnoe	Ukraine		50.465634	30.521164	No precise location within country	19	23	30	38	45	49	52	52	48	35	19	14	38	37	39	43	53	67	74	65	45	43	48	41	16	15	13	12	12	12	13	12	10	11	15	17	-6.1	-5.6	-0.7	7.4	14.7	17.8	19.7	18.7	13.7	7.3	1.1	-3.7	6.2	6.6	7.1	9.5	11.8	11.6	11.8	11.9	11.5	8.6	5.4	4.8
S96	232	Unknown	Netherlands	1-100	52.385365	4.891548	No precise location within country	21	26	34	41	44	45	41	43	39	31	19	17	66	49	47	47	46	52	70	83	78	79	88	77	19	15	15	15	15	14	17	17	17	18	19	20	2.6	2.6	4.9	8	11.9	15	16.7	17	14.9	11	6.8	4	4.1	4.6	5.9	6.6	7.2	7.2	6.8	6.8	6.6	5.8	4.5	4
Sah-0	233	Sierra Alhambra	Spain	1300	40.435764	-3.698502	No precise location within country	44	51	49	55	58	69	80	80	65	55	48	41	28	29	37	40	49	35	17	16	36	37	47	42	5	5	6	6	6	4	2	2	4	5	6	6	3.6	5.1	8.2	10.9	14.4	19.1	23	22.5	18.6	12.9	7.8	4.4	7.4	9.1	10.3	10.6	11.4	12.5	13.5	12.8	11.8	9.6	8.4	7.3
Sap-0	234	Slapy	Czechoslovakia	400-500	49.819889	14.397869	Estimated location	19	24	37	40	47	47	45	50	44	33	18	16	23	24	24	34	63	70	83	67	37	41	27	26	12	11	10	11	12	12	13	12	10	11	11	12	-2.4	-1.4	3	7.8	13.1	16.2	18	17.5	13.8	8.3	3.1	-0.5	5.8	6.8	8.3	9.8	10.9	10.9	10.2	10.7	10.4	8.8	5.4	5.4
Sav-0	235	Slavice	Czechoslovakia	500-600	50.086863	12.381974	Estimated location	17	22	34	36	41	39	38	43	39	31	15	15	49	46	41	47	65	78	96	76	56	53	48	48	11	10	10	11	11	11	12	11	10	10	10	11	-3.4	-2.3	1.5	6.2	11	14.3	16	15.3	12.1	6.9	2	-1.6	4.9	6.4	8.7	9.6	10.7	11.4	10.8	11	10.5	7.6	4.8	4.4
Shahdara	236	Shakdara River (Pamir)	Tadjikistan	3300-3400	38.587464	68.787689	No precise location within country	37	32	27	32	46	66	77	84	85	67	47	39	98	135	193	185	119	31	12	8	3	35	88	106	10	11	13	12	12	8	4	2	1	4	7	10	-5.5	-4	-0.3	5.5	10.8	15.2	18.7	18.2	14.1	7.6	2.1	-2.4	8.6	8.3	9	10.2	11.2	12.6	13.7	14.2	14.2	12	9.4	7.8
Sn(5)-1	237	Bulhary	Czechoslovakia		48.29602	19.847803	Estimated location	24	29	39	41	46	44	49	47	49	40	24	18	44	47	51	62	87	128	128	104	69	71	66	51	13	12	11	12	13	13	13	12	10	11	12	13	-5.3	-3.7	0.9	5.4	11.6	14.7	16.7	16	12.4	6.9	1.6	-2.2	8.1	8.4	9.7	7.6	11	10.7	10.9	10.9	11.1	10	7.1	6.6
Ty-0	241	Taynuilf	United Kingdom		56.430008	-5.238948	Estimated location	14	23	26	29	33	27	21	23	24	21	15	12	225	165	141	132	114	126	154	153	194	229	213	246	21	18	17	18	16	17	20	19	19	21	20	22	-0.2	-0.2	1.3	3.4	6.4	9.3	10.4	10.3	8.3	5.5	2.6	1	5.7	6.2	7.4	8.4	9.9	9.7	8.5	8.6	8	6.7	5.9	5.3
Wei-0	242	Weiningen	Switzerland	400-500	47.422083	8.434381	Estimated location	19	29	40	41	43	45	49	49	43	33	21	17	81	71	61	68	90	119	119	116	93	70	73	68	11	9	9	10	12	12	13	12	10	10	10	10	-1.4	0	4	8.2	12.5	15.8	17.4	16.8	13.7	8.3	3.5	-0.1	6	7.4	9.5	10.3	10.9	10.8	10.9	10.6	10	8.2	5.9	5.4
Ws	244	Wassilewskija	Belarus	100-200	53.91995	27.563095	No precise location within country	17	23	39	43	49	52	50	48	43	28	13	11	43	41	37	44	59	78	89	83	59	47	49	42	18	16	14	14	13	14	15	15	14	15	18	19	-7.3	-6.4	-2.2	5.5	12.6	16	17.8	16.2	11.8	6	0.4	-4.5	6.2	7	7.7	8.9	10.9	10.9	10.7	10.2	9.5	6.7	4.5	4.8
Wu-0	246	Würzburg	Germany	100-200	49.801345	9.93084	Estimated location	19	26	38	42	46	46	47	47	42	33	17	14	59	51	39	44	55	71	79	72	55	54	53	55	12	11	9	10	10	11	11	11	10	10	11	11	-1.5	-0.5	3.5	8.1	12.6	15.7	17.5	16.8	13.4	8.2	3.6	-0.1	5.4	6.6	9.3	10.4	11.3	11.1	10.8	10.9	10.3	8.4	5.4	4.8
Zu-0	251	Zürich	Switzerland	500-600	47.379429	8.539696	Estimated location	19	29	40	41	43	45	49	49	43	33	21	17	81	71	61	68	90	119	119	116	93	70	73	68	11	9	9	10	12	12	13	12	10	10	10	10	-1.4	0	4	8.2	12.5	15.8	17.4	16.8	13.7	8.3	3.5	-0.1	6	7.4	9.5	10.3	10.9	10.8	10.9	10.6	10	8.2	5.9	5.4
Akita	252	Akita Pref.	Japan		39.773292	140.102692	Estimated location	17	26	39	49	49	42	39	47	46	46	32	18	127	95	104	129	114	131	181	190	188	153	161	156	18	15	13	11	9	11	12	11	11	12	13	18	-1.8	-1.7	1.1	7.2	12.7	17.1	21.3	22.7	17.7	11.8	6	0.9	5.6	6.3	7.1	8.8	9.4	8	7.2	7.8	8.3	8.8	7.5	5.8
Ishikawa	253	Uchinada. Ishikawa Pref.	Japan		36.655282	136.645489	Estimated location	21	29	40	48	49	40	42	54	42	44	40	24	301	195	161	154	145	207	247	191	240	188	217	315	15	14	13	11	11	13	13	10	13	11	13	17	1.8	2.1	5	11	16	20	24.3	25.5	21.1	15.1	9.7	4.9	7.2	7.8	9.2	10.6	10.4	8.3	7.9	8.9	8.6	9.2	9.3	7.4
Hiroshima	254	Fukuyama. Hiroshima Pref.	Japan		34.513686	133.361435	Estimated location	49	48	49	47	47	37	44	53	44	47	51	49	48	59	104	161	159	245	207	149	205	137	81	42	10	8	11	11	11	13	12	8	13	10	8	7	4.1	4.4	7.1	12.9	17.5	21.2	25.4	26.3	22.3	16.6	11.3	6.5	8.7	9.2	10.3	10.9	10.5	8.8	8.1	9	8.8	9.6	10.3	9.2
Niigata	255	Niigata Pref.	Japan		37.988803	139.02008	Estimated location	27	34	43	50	50	39	39	47	40	40	36	26	142	99	96	94	98	141	221	194	185	139	131	161	14	13	12	11	10	13	14	12	13	12	12	15	-1.8	-1.7	1.1	7.4	13.1	17.4	21.5	22.4	17.5	11.4	5.9	1	6.2	6.8	8.1	10.5	10.9	9	8.3	9	8.7	8.9	8.6	6.4
Kyoto	256	Kyoto Pref.	Japan		35.038205	135.770187	Estimated location	41	42	46	47	47	37	41	51	41	45	46	43	70	73	106	135	145	205	218	159	166	118	74	59	11	9	11	11	11	13	13	9	13	10	9	9	2.1	2.6	5.5	11.5	16.3	20.3	24.6	25.5	21.3	14.9	9.5	4.7	8	8.6	9.9	10.8	10.4	8.6	8.2	9.1	8.8	9.7	10.3	8.6
Sakata	257	Sakata. Yamagata Pref.	Japan		38.942641	139.831009	Estimated location	20	28	41	50	50	41	40	47	43	43	31	20	173	119	115	114	103	139	212	211	199	155	190	209	15	13	12	11	10	12	13	11	12	12	12	16	-1.4	-1.5	1.2	7.4	13.1	17.7	21.6	22.6	17.4	11.6	6	1.2	6.5	7	7.9	9.7	10.2	8.7	7.6	8.4	8.9	9.4	8.5	6.6
Tokushima	258	Tokushima Pref.	Japan		34.085251	134.554253	Estimated location	52	52	52	48	47	37	47	56	46	49	52	51	60	66	109	166	176	269	207	177	273	162	104	59	9	8	11	11	11	13	12	9	13	9	8	7	5.2	5.6	8.4	13.7	17.9	21.4	25.4	26.5	23	17.6	12.7	7.8	7.9	8.4	9.2	9.2	8.8	7.4	6.9	7.6	7.4	8.1	8.4	8
Yamagata	259	Yamagata Pref.	Japan		38.476384	140.360412	Estimated location	33	39	46	50	50	39	36	43	38	41	36	31	137	96	93	87	91	128	202	172	160	116	115	145	13	11	11	11	10	12	13	12	11	11	10	13	-1.7	-1.4	1.5	7.9	13.6	17.7	21.6	22.7	17.6	11.6	6	1	7.3	7.9	8.7	10.6	10.8	8.8	7.9	8.5	8.8	9.6	9.2	7.3
N4	260	Solomennoye	Russia		61.848585	34.337368	Estimated location	15	23	40	39	40	43	44	38	28	19	16	11	47	42	32	41	52	65	72	77	76	59	56	45	19	17	15	13	13	14	14	15	17	18	19	20	-11.4	-10.8	-6.1	1.2	7.6	13.3	16.3	14.3	9.1	2.9	-2.6	-7.8	6.9	7	8.1	8.5	9.1	9.2	8.7	7.9	6.6	5	4.4	5.7
9481B	261	Kazakhstan	Kazakhstan		38.587464	68.787689	No precise location within country	37	32	27	32	46	66	77	84	85	67	47	39	98	135	193	185	119	31	12	8	3	35	88	106	10	11	13	12	12	8	4	2	1	4	7	10	-5.5	-4	-0.3	5.5	10.8	15.2	18.7	18.2	14.1	7.6	2.1	-2.4	8.6	8.3	9	10.2	11.2	12.6	13.7	14.2	14.2	12	9.4	7.8
N6	262	Karelian region	Russia		60.429647	30.000687	Estimated location	18	25	37	34	39	38	39	37	30	21	14	14	49	44	37	40	50	66	68	89	71	61	54	50	19	16	13	13	12	14	14	15	16	18	18	19	-8.5	-8.7	-4.7	2.2	8.7	14	16.9	15.1	10	4.1	-1.2	-5.7	6.5	7.3	9.1	8.7	10.3	10.1	9.8	9	7.4	5.3	4.2	5.4
N7	263	Pinguba	Russia		55.794025	37.611237	No precise location within country	16	22	31	36	40	43	43	40	33	21	15	12	48	46	49	40	56	71	84	77	65	59	57	57	18	16	14	12	12	14	15	15	15	16	17	19	-10.6	-10.1	-5.2	3.5	11.1	15.2	17.6	15.6	10	3.8	-2.5	-7.9	6.8	8	8.5	8.9	11.2	11.2	11	10.5	9.2	6.4	4.9	5.5
N8	264	Suysar	Russia		60.062922	27.898865	Estimated location	19	26	38	35	40	39	37	37	31	21	13	15	58	45	37	40	46	61	71	87	81	70	68	62	19	16	13	13	12	14	14	15	16	17	18	19	-8	-8.1	-4.2	2.8	9.5	14.5	17.5	15.6	10.7	4.7	-0.5	-5	6.5	7.2	8.8	8.6	10.4	10.2	9.9	9.1	7.7	5.5	4.2	5.2
N10	265	Shuyskaya	Russia		54.7073	20.564125	Estimated location	17	23	36	38	46	46	41	42	42	31	17	16	61	52	47	49	57	72	95	108	82	78	68	72	16	14	12	12	11	12	14	14	13	14	15	16	-3.4	-2.9	0.1	5.9	11.3	14.9	17.2	16.4	12.8	7.4	2.6	-1.1	4.8	5.6	6.1	8.1	10.1	9.7	8.7	8.5	8.5	6.6	4.4	3.9
N13	266	Konchezero	Russia		62.129781	34.015675	Estimated location	15	23	40	39	40	43	44	38	28	19	16	11	47	42	32	41	52	65	72	77	76	59	56	45	19	17	15	13	13	14	14	15	17	18	19	20	-11.4	-10.8	-6.1	1.2	7.6	13.3	16.3	14.3	9.1	2.9	-2.6	-7.8	6.9	7	8.1	8.5	9.1	9.2	8.7	7.9	6.6	5	4.4	5.7
N15	268	Kondopoga	Russia		62.215203	34.264927	Estimated location	14	23	41	39	40	43	45	38	28	19	17	11	48	43	27	31	46	58	71	75	72	53	50	39	19	17	15	13	13	14	14	15	17	18	19	20	-10.4	-10.2	-6.1	1.2	7.4	13.1	16.4	14.4	9.2	3.1	-2.1	-7.3	6.9	7.1	8.3	8.6	9.3	9.5	9	8.3	6.8	5.1	4.4	5.7
N17	269	Petrozavodsk	Russia		61.789129	34.361	Estimated location	14	23	41	39	40	43	45	38	28	19	17	11	48	43	27	31	46	58	71	75	72	53	50	39	19	17	15	13	13	14	14	15	17	18	19	20	-10.4	-10.2	-6.1	1.2	7.4	13.1	16.4	14.4	9.2	3.1	-2.1	-7.3	6.9	7.1	8.3	8.6	9.3	9.5	9	8.3	6.8	5.1	4.4	5.7
Hau-0	273	Hauniensis	Denmark	1-100	55.685056	12.568245	No precise location within country	16	23	35	42	52	51	49	48	45	29	15	10	44	35	31	35	38	46	65	65	55	54	45	46	12	9	8	9	8	9	11	11	11	11	11	13	0.2	-0.2	1.7	6.1	11	15	17.3	17	13.9	9.4	5.5	2.6	4.4	5	6.3	7.7	9.2	8.9	8.4	7.9	7.4	5.9	4.2	3.6
Ba-1	275	Blackmount	United Kingdom	500-600	54.602615	-5.98163	Estimated location	20	25	29	37	40	36	28	31	30	26	22	16	86	57	64	51	58	62	61	73	86	91	84	91	19	16	15	15	14	15	18	17	18	19	19	21	4.2	4.3	5.7	7.6	10.2	13	14.3	14.3	12.7	10.2	6.7	5.5	5	5.4	6.2	7.2	8	7.7	7	7.1	6.6	5.8	5.3	4.8
Bn-0	278	Ben Dhorrain	United Kingdom		51.520109	-0.126572	No precise location within country	20	25	33	39	42	44	40	42	38	32	21	18	50	32	44	36	53	41	41	40	51	61	59	54	16	13	11	12	11	11	12	12	12	13	15	16	4.1	4.2	6.1	8.7	12	15.2	17.2	16.8	14.6	11.2	7.2	5.3	5.2	5.8	7.3	8.3	8.8	9	8.8	8.8	8.2	7.1	5.6	5
N9	284	Suysar	Russia	1-100	61.996134	34.620209	Estimated location	14	23	41	39	40	43	45	38	28	19	17	11	48	43	27	31	46	58	71	75	72	53	50	39	19	17	15	13	13	14	14	15	17	18	19	20	-10.4	-10.2	-6.1	1.2	7.4	13.1	16.4	14.4	9.2	3.1	-2.1	-7.3	6.9	7.1	8.3	8.6	9.3	9.5	9	8.3	6.8	5.1	4.4	5.7
N11	285	Zarevichi	Russia	1-100	55.794025	37.611237	No precise location within country	16	22	31	36	40	43	43	40	33	21	15	12	48	46	49	40	56	71	84	77	65	59	57	57	18	16	14	12	12	14	15	15	15	16	17	19	-10.6	-10.1	-5.2	3.5	11.1	15.2	17.6	15.6	10	3.8	-2.5	-7.9	6.8	8	8.5	8.9	11.2	11.2	11	10.5	9.2	6.4	4.9	5.5
N16	287	Kosalma	Russia		55.794025	37.611237	No precise location within country	16	22	31	36	40	43	43	40	33	21	15	12	48	46	49	40	56	71	84	77	65	59	57	57	18	16	14	12	12	14	15	15	15	16	17	19	-10.6	-10.1	-5.2	3.5	11.1	15.2	17.6	15.6	10	3.8	-2.5	-7.9	6.8	8	8.5	8.9	11.2	11.2	11	10.5	9.2	6.4	4.9	5.5
N3	291	Sheltozero	Russia		61.372433	35.35841	Estimated location	18	23	34	35	37	39	41	37	26	18	13	13	46	38	33	35	46	63	70	77	81	62	55	49	20	17	16	13	13	14	14	15	17	18	19	21	-10.9	-10.9	-7	1.1	7.5	13	16.5	14.4	9.2	3	-2.4	-7.6	7.1	7.8	9.4	9.1	10.4	10.6	10.4	9.7	7.7	5.3	4.6	5.9
Cl-0	294	Unknown	Unknown		NA	NA	nd	NA	NA	NA	NA	NA	NA	NA	NA	NA	NA	NA	NA	NA	NA	NA	NA	NA	NA	NA	NA	NA	NA	NA	NA	NA	NA	NA	NA	NA	NA	NA	NA	NA	NA	NA	NA	NA	NA	NA	NA	NA	NA	NA	NA	NA	NA	NA	NA	NA	NA	NA	NA	NA	NA	NA	NA	NA	NA	NA	NA
Kil-0	295	Killean.	United Kingdom	400-500	56.043679	-4.368196	Estimated location	15	23	26	31	34	31	25	26	27	22	17	12	165	113	108	86	91	90	107	109	145	166	160	166	19	17	16	16	15	16	18	17	17	19	19	20	1.3	1.4	3.1	5.3	8.3	11.3	12.6	12.4	10.2	7.4	3.9	2.6	5.7	6.3	7.4	8.6	9.8	9.7	8.7	8.7	8.1	6.8	6	5.4
La-0	296	Gorzow Wielkopolski (Landsberg)	Poland	1-100	52.742237	15.235863	Estimated location	19	23	36	40	48	49	46	48	47	34	19	16	37	31	31	41	48	57	76	69	49	49	38	39	11	10	9	10	9	10	11	10	9	10	10	11	-1.2	-0.9	3	7.3	13	16.2	18.2	17.3	13.8	8.8	3.6	0.4	5.2	6.4	7.8	9.3	10.8	11	10	9.9	9.9	7.6	5.2	4.9
Np-0	297	Nieps/Salzwedel.	Germany	1-100	52.698041	10.980906	Estimated location	18	25	38	43	46	48	44	45	45	33	19	17	44	40	35	43	50	64	77	61	45	52	49	45	13	12	10	11	11	11	12	12	11	12	12	13	-0.3	0.3	3.6	8.2	13.2	16.3	17.9	17.4	14	9.1	4.7	1.3	5	6	7.6	9.1	10.2	10.2	9.6	9.6	9.2	7.3	5	4.5
Js-0	298	Unknown	Unknown		NA	NA	nd	NA	NA	NA	NA	NA	NA	NA	NA	NA	NA	NA	NA	NA	NA	NA	NA	NA	NA	NA	NA	NA	NA	NA	NA	NA	NA	NA	NA	NA	NA	NA	NA	NA	NA	NA	NA	NA	NA	NA	NA	NA	NA	NA	NA	NA	NA	NA	NA	NA	NA	NA	NA	NA	NA	NA	NA	NA	NA	NA	NA
Ber	299	Copenhagen	Denmark	1-100	55.684669	12.568932	Estimated location	16	23	35	42	52	51	49	48	45	29	15	10	44	35	31	35	38	46	65	65	55	54	45	46	12	9	8	9	8	9	11	11	11	11	11	13	0.2	-0.2	1.7	6.1	11	15	17.3	17	13.9	9.4	5.5	2.6	4.4	5	6.3	7.7	9.2	8.9	8.4	7.9	7.4	5.9	4.2	3.6
Cvi-2	301	Cape Verdi Islands	Cape Verde Islands		15.075306	-23.600464	Estimated location	73	78	84	85	77	68	59	49	60	70	77	70	0	0	0	0	1	17	100	248	182	49	2	3	0	0	0	0	1	3	8	12	11	5	1	0	23.2	24	25.1	25.7	26.4	27.7	27.7	27.5	27.6	28.1	26.5	23.7	15.9	15.4	15.3	14	12	10.3	8.8	7.9	8.6	10.6	13.6	14.6
Sar-1	304	Sarzeau	France	0-100	47.528862	-2.768955	Estimated location	27	32	42	47	48	48	47	49	44	38	27	23	78	63	56	47	49	40	39	57	63	74	86	92	12	10	9	9	9	7	8	8	9	11	12	13	6.1	6.1	8.3	10.4	13.2	16.1	17.6	17.8	16.2	12.8	9.2	7	4.4	5.1	6.4	6.9	7.5	7.6	7.4	7.7	6.9	5.9	4.8	4.3
Chn-1	312	Chaon	France	100-200	47.666497	2.17987	Estimated location	24	31	44	47	48	48	50	50	47	39	24	19	52	47	43	46	61	53	53	63	53	57	56	57	8	7	7	7	8	7	7	7	7	7	8	8	3	4.1	7	9.8	13.3	16.6	18.7	18.2	15.8	11.2	6.4	3.8	6.3	7.3	10.2	10.9	11.2	11.3	11.7	11.4	10.7	9.2	6.7	5.6
Bsy-0	322	Bures s / Yvette	France		48.699832	2.16239	Estimated location	23	30	43	47	48	48	48	48	46	37	22	18	50	36	33	39	52	52	48	56	50	51	52	49	8	7	6	6	7	7	6	7	7	7	7	8	3	3.9	7	9.8	13.3	16.3	18.4	18	15.6	11.2	6.6	3.9	5.5	6.4	9	9.8	10.3	10.5	10.5	10.2	9.5	7.9	5.9	4.9
Mah-1	323	Mahakal	Nepal	1250	27.969298	85.483017	Estimated location	65	62	58	55	51	39	27	30	42	58	69	68	32	35	56	78	112	202	402	375	137	66	18	12	3	5	6	9	12	16	23	21	14	6	2	2	-16.1	-13.2	-9.6	-5.1	-1.9	0.3	1.1	0.9	-0.8	-4.5	-9.1	-12.7	14.2	13.2	13	12.1	11.7	11.2	11.1	11.4	12.2	13.1	13.6	12.7
Cos-1	324	Cosne d'Allier	France	237	46.4667	2.8333	Estimated location	26	34	45	48	49	50	54	55	50	42	26	21	52	42	42	46	70	74	59	72	71	65	57	53	10	9	8	8	9	9	8	9	9	9	10	10	3.5	4.4	7.3	9.8	13.3	16.6	18.6	18.4	16.1	11.7	7.2	4.4	6.9	8	10.9	11.4	11.5	11.5	12.2	12	11.3	9.8	7.1	6
Bea-1	326	Beaugency	France	80	47.7833	1.6333	Estimated location	42	44	39	40	43	44	45	48	46	32	29	31	21	18	26	34	55	59	69	57	44	59	48	38	12	11	12	10	12	12	13	12	11	13	15	15	-16.3	-15.6	-8.7	2.2	11.5	17.1	19	16.9	11.4	3.3	-6.9	-13.6	10.2	11.2	11.7	11.3	13.8	13.6	13.1	13.3	13.8	10.8	8.4	9.6
Kly-2	328	Kolyvan	Russia		51.3	82.5833	Reliable location	42	44	39	40	43	44	45	48	46	32	29	31	21	18	26	34	55	59	69	57	44	59	48	38	12	11	12	10	12	12	13	12	11	13	15	15	-16.3	-15.6	-8.7	2.2	11.5	17.1	19	16.9	11.4	3.3	-6.9	-13.6	10.2	11.2	11.7	11.3	13.8	13.6	13.1	13.3	13.8	10.8	8.4	9.6
Kly-4	330	Kolyvan	Russia		51.3166	82.5666	Reliable location	42	44	39	40	43	44	45	48	46	32	29	31	21	18	26	34	55	59	69	57	44	59	48	38	12	11	12	10	12	12	13	12	11	13	15	15	-16.3	-15.6	-8.7	2.2	11.5	17.1	19	16.9	11.4	3.3	-6.9	-13.6	10.2	11.2	11.7	11.3	13.8	13.6	13.1	13.3	13.8	10.8	8.4	9.6
Kly-5	331	Kolyvan	Russia		51.3333	82.55	Reliable location	42	44	39	40	43	44	45	48	46	32	29	31	21	18	26	34	55	59	69	57	44	59	48	38	12	11	12	10	12	12	13	12	11	13	15	15	-16.3	-15.6	-8.7	2.2	11.5	17.1	19	16.9	11.4	3.3	-6.9	-13.6	10.2	11.2	11.7	11.3	13.8	13.6	13.1	13.3	13.8	10.8	8.4	9.6
K-oz-1	333	Kolyvan-See	Russia		51.3333	82.1833	Reliable location	42	44	39	40	43	45	46	48	46	33	29	31	22	18	26	32	49	52	60	51	39	57	47	39	13	11	12	10	12	12	13	12	10	13	15	16	-16.8	-15.8	-9.1	2.3	12	17.6	19.7	17.4	11.7	3.4	-7.1	-13.8	10	10.9	11.6	11.2	13.9	13.7	13.2	13.5	14.1	10.6	8.2	9.4
K-oz-3	335	Kolyvan-See	Russia		51.3333	82.1833	Reliable location	42	44	39	40	43	45	46	48	46	33	29	31	22	18	26	32	49	52	60	51	39	57	47	39	13	11	12	10	12	12	13	12	10	13	15	16	-16.8	-15.8	-9.1	2.3	12	17.6	19.7	17.4	11.7	3.4	-7.1	-13.8	10	10.9	11.6	11.2	13.9	13.7	13.2	13.5	14.1	10.6	8.2	9.4
Leb-1	336	Lebjasche	Russia		51.6333	80.7833	Reliable location	43	44	40	41	44	45	46	49	47	33	30	32	22	18	23	27	34	45	51	41	29	41	41	35	13	11	12	9	11	11	12	11	10	12	15	15	-17.5	-16.5	-9.8	2.3	12.2	18	20.1	17.7	11.6	3.2	-7.6	-14.5	11	12	12.4	11.8	14.7	14.7	14.2	14.5	14.9	11.1	8.8	10.1
Leb-4	339	Lebjasche	Russia		51.6333	80.8	Reliable location	43	44	40	41	44	45	46	49	47	33	30	32	22	18	23	27	34	45	51	41	29	41	41	35	13	11	12	9	11	11	12	11	10	12	15	15	-17.5	-16.5	-9.8	2.3	12.2	18	20.1	17.7	11.6	3.2	-7.6	-14.5	11	12	12.4	11.8	14.7	14.7	14.2	14.5	14.9	11.1	8.8	10.1
Nov-3	342	Novojevorevskoje	Russia		51.7333	80.85	Reliable location	43	44	40	41	44	45	46	49	47	33	30	32	22	18	23	27	34	45	51	41	29	41	41	35	13	11	12	9	11	11	12	11	10	12	15	15	-17.5	-16.5	-9.8	2.3	12.2	18	20.1	17.7	11.6	3.2	-7.6	-14.5	11	12	12.4	11.8	14.7	14.7	14.2	14.5	14.9	11.1	8.8	10.1
Nos	343	Novosovjetski	Russia		51.8666	80.5833	Reliable location	42	44	40	41	43	44	45	47	46	32	29	32	18	14	19	23	31	45	56	44	30	36	31	29	13	11	12	9	11	11	12	12	10	12	15	15	-17.9	-17	-10.4	1.9	11.8	17.8	19.9	17.3	11.3	2.7	-7.9	-15	11.3	12.3	12.9	12	15	15	14.4	14.7	14.8	11.1	9.2	10.5
Rak-1	344	Rakitui	Russia		51.85	80.05	Reliable location	43	45	40	41	44	44	45	47	46	32	29	33	14	11	15	20	29	44	59	42	29	31	26	24	13	10	11	9	11	11	12	11	10	12	15	15	-18	-17.1	-10.5	2.1	12	18	20.1	17.5	11.5	2.7	-7.9	-15.1	11.4	12.6	13.1	12.3	15.2	15.2	14.6	14.9	14.8	11.3	9.5	10.6
Rak-3	346	Rakitui	Russia		51.8666	80.05	Reliable location	43	45	40	41	44	44	45	47	46	32	29	33	14	11	15	20	29	44	59	42	29	31	26	24	13	10	11	9	11	11	12	11	10	12	15	15	-18	-17.1	-10.5	2.1	12	18	20.1	17.5	11.5	2.7	-7.9	-15.1	11.4	12.6	13.1	12.3	15.2	15.2	14.6	14.9	14.8	11.3	9.5	10.6
Bas-1	347	Bastan	Russia		51.8333	79.4666	Reliable location	43	46	41	41	44	44	46	47	46	33	30	33	13	11	13	17	25	40	55	37	27	27	23	21	12	10	11	8	10	11	11	11	9	12	14	14	-18.2	-17.2	-10.4	2.7	12.7	18.7	20.9	18.2	12.2	3.2	-7.7	-15.1	10.9	11.9	12.5	12.1	14.9	14.7	14	14.3	14.5	11.1	9.2	10.2
Sev	350	Sewerka	Russia		52.1	79.3	Reliable location	43	46	41	41	44	44	46	47	46	33	30	33	13	11	13	17	25	40	55	37	27	27	23	21	12	10	11	8	10	11	11	11	9	12	14	14	-18.2	-17.2	-10.4	2.7	12.7	18.7	20.9	18.2	12.2	3.2	-7.7	-15.1	10.9	11.9	12.5	12.1	14.9	14.7	14	14.3	14.5	11.1	9.2	10.2
Chab-1	351	Chabarui	Russia		53.6	79.3833	Reliable location	44	45	41	40	42	42	43	44	42	30	28	34	16	10	15	21	26	43	59	43	33	30	26	23	13	11	11	9	11	12	12	12	11	13	16	16	-19.9	-18.6	-12.2	0.7	11	17.3	19.2	16.5	10.4	1.8	-8.8	-16.8	10.4	10.8	11.8	10.9	14.3	14.5	13.3	13.4	13.7	10.2	8.8	10.1
Pan	353	Pankruschicha	Russia		53.8166	80.3	Reliable location	44	44	41	40	41	42	43	42	40	29	28	34	24	16	22	25	32	51	65	56	38	38	39	33	14	12	12	9	12	13	13	14	12	14	17	17	-19.5	-18.2	-12	0.2	10.5	16.6	18.6	16	10	1.5	-9.2	-16.7	10.2	10.9	12.2	10.6	13.8	13.9	13	12.8	12.9	9.6	8.4	9.8
Mas	354	Masljacha	Russia		54.1166	81.3	Reliable location	42	42	40	40	41	42	42	42	40	28	27	32	29	20	25	28	35	53	70	61	40	43	49	38	15	12	13	10	12	13	14	14	13	15	18	18	-19.3	-17.8	-11.4	0.6	10.7	16.7	18.8	16.1	10.2	1.7	-9.2	-16.5	9.9	10.8	12.2	10.3	13.6	13.4	12.5	12.4	12.5	9.4	8.2	9.6
Bij	355	Bijsk	Russia		52.5166	85.2666	Reliable location	41	40	37	36	37	40	40	41	40	29	27	30	29	23	30	45	57	72	81	70	55	63	56	46	12	11	12	11	13	14	15	14	13	14	16	16	-17.8	-16.6	-9.8	1.3	10.8	16.5	18.7	16.4	10.6	2.7	-8.1	-14.8	10.7	11.5	12.2	11.1	13.5	13.4	12.7	12.8	12.4	10.4	8.9	10.1
Sij-1	356	Sijjak	Uzbekistan		41.75	70.0833	Reliable location	39	37	34	38	49	63	75	81	79	59	47	42	83	88	127	111	65	31	16	9	10	47	78	102	10	10	13	12	11	9	5	3	3	7	9	10	-6.6	-5.1	0.2	6.7	12.3	16.4	19.7	18.7	13.3	6.6	0.5	-3.6	7.9	7.7	8	8.8	9.7	10.4	11.6	12.4	12.3	10.8	9.3	8.4
Sij-4	359	Sijjak	Uzbekistan		41.75	70.0833	Reliable location	39	37	34	38	49	63	75	81	79	59	47	42	83	88	127	111	65	31	16	9	10	47	78	102	10	10	13	12	11	9	5	3	3	7	9	10	-6.6	-5.1	0.2	6.7	12.3	16.4	19.7	18.7	13.3	6.6	0.5	-3.6	7.9	7.7	8	8.8	9.7	10.4	11.6	12.4	12.3	10.8	9.3	8.4
RRS-7	360	North Liberty (Midwest - Indiana)	USA		41.5609	-86.4251	Reliable location	38	45	51	55	61	67	74	71	66	60	42	37	54	46	70	97	90	104	98	88	87	75	75	71	12	11	13	12	12	11	9	8	9	9	11	12	-4.8	-3.1	2.4	9.2	15.3	20.6	22.7	21.6	17.9	11.6	4.6	-2.1	8.5	9	10	11.9	12.9	12.8	12.4	12.5	12.6	11.9	9.1	7.9
Knox-18	363	Knox  (Midwest - Indiana)	USA		41.2816	-86.621	Reliable location	38	45	51	55	61	67	74	71	66	60	42	37	54	46	70	97	90	104	98	88	87	75	75	71	12	11	13	12	12	11	9	8	9	9	11	12	-4.8	-3.1	2.4	9.2	15.3	20.6	22.7	21.6	17.9	11.6	4.6	-2.1	8.5	9	10	11.9	12.9	12.8	12.4	12.5	12.6	11.9	9.1	7.9
Rmx-A180	365	Saint Joseph  (Midwest - Michigan)	USA		42.036	-86.511	Reliable location	35	43	49	54	61	67	74	71	64	58	37	32	49	42	63	88	86	98	95	85	86	72	71	63	13	12	13	12	13	11	9	9	10	9	12	13	-4.9	-3.5	1.8	8.8	15.1	20.2	22.4	21.3	17.4	11.1	4.3	-2.2	8.5	9.5	10.5	12.6	13.7	13.5	13.5	13.5	13.2	12.4	9.2	7.9
Pna-17	366	Benton Harbor  (Midwest - Michigan)	USA		42.0945	-86.3253	Reliable location	35	43	49	54	61	67	74	71	64	58	37	32	49	42	63	88	86	98	95	85	86	72	71	63	13	12	13	12	13	11	9	9	10	9	12	13	-4.9	-3.5	1.8	8.8	15.1	20.2	22.4	21.3	17.4	11.1	4.3	-2.2	8.5	9.5	10.5	12.6	13.7	13.5	13.5	13.5	13.2	12.4	9.2	7.9
Pna-10	367	Benton Harbor  (Midwest - Michigan)	USA		42.0945	-86.3253	Reliable location	35	43	49	54	61	67	74	71	64	58	37	32	49	42	63	88	86	98	95	85	86	72	71	63	13	12	13	12	13	11	9	9	10	9	12	13	-4.9	-3.5	1.8	8.8	15.1	20.2	22.4	21.3	17.4	11.1	4.3	-2.2	8.5	9.5	10.5	12.6	13.7	13.5	13.5	13.5	13.2	12.4	9.2	7.9
Ull2-3	383	Ullstorp	Sweden		56.09	13.46	Reliable location	16	23	34	41	52	51	48	46	44	28	14	4	65	50	37	42	43	59	95	82	72	72	59	61	13	11	9	10	9	10	12	12	12	12	13	14	-1.8	-1.7	0.7	5.4	10.7	14.5	16.4	15.6	12.2	7.8	3.7	0.4	4.4	5.1	6.3	7.7	9.1	8.8	8.3	7.8	7.1	5.8	4.1	3.7
Zdr-1	384	Zdarec	Czechoslovakia		49.12	16.37	Reliable location	18	26	36	41	48	47	48	51	46	36	18	15	38	37	35	43	63	79	90	76	44	51	47	42	13	12	11	12	13	13	13	12	10	12	12	13	-2.9	-1.2	2.8	8.1	13.1	16.5	18.1	17.4	13.7	8.2	3.3	-0.5	5.3	6.3	8	9.6	10.1	9.9	10	10.1	9.8	8.1	5.2	5
Bor-1	386	Borky	Czechoslovakia		49.12	16.37	Reliable location	18	26	36	41	48	47	48	51	46	36	18	15	38	37	35	43	63	79	90	76	44	51	47	42	13	12	11	12	13	13	13	12	10	12	12	13	-2.9	-1.2	2.8	8.1	13.1	16.5	18.1	17.4	13.7	8.2	3.3	-0.5	5.3	6.3	8	9.6	10.1	9.9	10	10.1	9.8	8.1	5.2	5
Bor-4	387	Borky	Czechoslovakia		49.12	16.37	Reliable location	18	26	36	41	48	47	48	51	46	36	18	15	38	37	35	43	63	79	90	76	44	51	47	42	13	12	11	12	13	13	13	12	10	12	12	13	-2.9	-1.2	2.8	8.1	13.1	16.5	18.1	17.4	13.7	8.2	3.3	-0.5	5.3	6.3	8	9.6	10.1	9.9	10	10.1	9.8	8.1	5.2	5
Pu2-7	388	Prudka (croatia)	Czechoslovakia		42.38	18.07	Reliable location	39	40	42	46	51	60	71	73	63	53	37	34	133	124	108	99	86	61	39	49	96	152	188	175	11	10	10	10	11	9	6	6	7	10	11	13	4.4	5.1	7.4	10.8	14.8	18.7	21.5	21.5	18.4	13.7	9.6	6.5	6	6.8	7.2	7.7	8.2	8.5	9.3	9.3	8.5	7.4	6.3	5.9
Pu2-23	389	Prudka (croatia)	Czechoslovakia		42.38	18.07	Reliable location	39	40	42	46	51	60	71	73	63	53	37	34	133	124	108	99	86	61	39	49	96	152	188	175	11	10	10	10	11	9	6	6	7	10	11	13	4.4	5.1	7.4	10.8	14.8	18.7	21.5	21.5	18.4	13.7	9.6	6.5	6	6.8	7.2	7.7	8.2	8.5	9.3	9.3	8.5	7.4	6.3	5.9
Lp2-2	390	Lipovec (brno Area)	Czechoslovakia		49.22	16.39	Reliable location	18	26	36	41	48	47	48	51	46	36	18	15	38	37	35	43	63	79	90	76	44	51	47	42	13	12	11	12	13	13	13	12	10	12	12	13	-2.9	-1.2	2.8	8.1	13.1	16.5	18.1	17.4	13.7	8.2	3.3	-0.5	5.3	6.3	8	9.6	10.1	9.9	10	10.1	9.8	8.1	5.2	5
Lp2-6	391	Lipovec (brno Area)	Czechoslovakia		49.22	16.39	Reliable location	18	26	36	41	48	47	48	51	46	36	18	15	38	37	35	43	63	79	90	76	44	51	47	42	13	12	11	12	13	13	13	12	10	12	12	13	-2.9	-1.2	2.8	8.1	13.1	16.5	18.1	17.4	13.7	8.2	3.3	-0.5	5.3	6.3	8	9.6	10.1	9.9	10	10.1	9.8	8.1	5.2	5
HR-5	392	Ascot (england)	United Kingdom		51.25	0.41	Reliable location	21	26	34	40	43	45	41	43	40	33	22	18	54	38	41	38	47	43	46	52	54	61	65	55	16	13	11	12	11	11	12	12	12	13	15	16	3.7	4	6.1	8.8	12	15.2	17.1	16.9	14.8	11.3	7.1	5.1	4.9	5.4	6.7	7.6	8.1	8.3	8.1	8.1	7.6	6.5	5.3	4.8
HR-10	393	Ascot (england)	United Kingdom		51.25	0.41	Reliable location	21	26	34	40	43	45	41	43	40	33	22	18	54	38	41	38	47	43	46	52	54	61	65	55	16	13	11	12	11	11	12	12	12	13	15	16	3.7	4	6.1	8.8	12	15.2	17.1	16.9	14.8	11.3	7.1	5.1	4.9	5.4	6.7	7.6	8.1	8.3	8.1	8.1	7.6	6.5	5.3	4.8
NFA-8	394	Ascot (england)	United Kingdom		51.25	0.41	Reliable location	21	26	34	40	43	45	41	43	40	33	22	18	54	38	41	38	47	43	46	52	54	61	65	55	16	13	11	12	11	11	12	12	12	13	15	16	3.7	4	6.1	8.8	12	15.2	17.1	16.9	14.8	11.3	7.1	5.1	4.9	5.4	6.7	7.6	8.1	8.3	8.1	8.1	7.6	6.5	5.3	4.8
NFA-10	395	Ascot (england)	United Kingdom		51.25	0.41	Reliable location	21	26	34	40	43	45	41	43	40	33	22	18	54	38	41	38	47	43	46	52	54	61	65	55	16	13	11	12	11	11	12	12	12	13	15	16	3.7	4	6.1	8.8	12	15.2	17.1	16.9	14.8	11.3	7.1	5.1	4.9	5.4	6.7	7.6	8.1	8.3	8.1	8.1	7.6	6.5	5.3	4.8
Sq-1	396	Ascot (england)	United Kingdom		51.25	0.41	Reliable location	21	26	34	40	43	45	41	43	40	33	22	18	54	38	41	38	47	43	46	52	54	61	65	55	16	13	11	12	11	11	12	12	12	13	15	16	3.7	4	6.1	8.8	12	15.2	17.1	16.9	14.8	11.3	7.1	5.1	4.9	5.4	6.7	7.6	8.1	8.3	8.1	8.1	7.6	6.5	5.3	4.8
Sq-8	397	Ascot (england)	United Kingdom		51.25	0.41	Reliable location	21	26	34	40	43	45	41	43	40	33	22	18	54	38	41	38	47	43	46	52	54	61	65	55	16	13	11	12	11	11	12	12	12	13	15	16	3.7	4	6.1	8.8	12	15.2	17.1	16.9	14.8	11.3	7.1	5.1	4.9	5.4	6.7	7.6	8.1	8.3	8.1	8.1	7.6	6.5	5.3	4.8
CIBC-5	398	Ascot (england)	United Kingdom		51.25	0.41	Reliable location	21	26	34	40	43	45	41	43	40	33	22	18	54	38	41	38	47	43	46	52	54	61	65	55	16	13	11	12	11	11	12	12	12	13	15	16	3.7	4	6.1	8.8	12	15.2	17.1	16.9	14.8	11.3	7.1	5.1	4.9	5.4	6.7	7.6	8.1	8.3	8.1	8.1	7.6	6.5	5.3	4.8
CIBC-17	399	Ascot (england)	United Kingdom		51.25	0.41	Reliable location	21	26	34	40	43	45	41	43	40	33	22	18	54	38	41	38	47	43	46	52	54	61	65	55	16	13	11	12	11	11	12	12	12	13	15	16	3.7	4	6.1	8.8	12	15.2	17.1	16.9	14.8	11.3	7.1	5.1	4.9	5.4	6.7	7.6	8.1	8.3	8.1	8.1	7.6	6.5	5.3	4.8
Kz-1	402	Atasu	Kazakhstan		49.5	73.1	Reliable location	42	47	39	42	47	49	51	55	54	40	36	36	15	15	20	25	30	41	42	29	23	27	19	20	11	9	10	7	9	10	11	8	6	10	12	13	-15.8	-14.8	-9	2.8	12.3	17.6	20	17.7	11.2	2.6	-7	-13.7	9.8	10.5	10.8	11.5	14.4	14.3	14.4	14.2	13.8	11.3	8.8	9.1
Kz-9	403	Atasu	Kazakhstan		49.5	73.1	Reliable location	42	47	39	42	47	49	51	55	54	40	36	36	15	15	20	25	30	41	42	29	23	27	19	20	11	9	10	7	9	10	11	8	6	10	12	13	-15.8	-14.8	-9	2.8	12.3	17.6	20	17.7	11.2	2.6	-7	-13.7	9.8	10.5	10.8	11.5	14.4	14.3	14.4	14.2	13.8	11.3	8.8	9.1
Ren-1	406	Rennes	France		48.5	-1.41	Reliable location	23	30	42	47	48	46	47	46	45	37	22	18	60	48	41	42	52	49	52	59	54	60	64	62	8	7	6	6	7	6	6	7	6	7	7	8	3.1	4.1	6.7	9.4	12.9	15.9	18	17.7	15.5	11.3	6.5	4.1	5.6	6.4	8.9	9.8	10.2	10.5	10.5	10.2	9.5	8	6.1	5
Uod-1	408	Ottenhof	Austria		48.07	14.53	Reliable location	19	28	37	36	39	38	39	43	43	34	20	17	66	68	66	80	103	137	163	130	83	71	69	69	12	11	10	12	13	14	14	13	10	11	12	12	-3.1	-1.6	3.5	8.4	13	16.2	18	17.4	14.3	8.7	3.3	-0.5	6.7	8.6	10	11	11.7	11.3	11.2	11.5	11.2	9.8	6	5.1
Fei-0	441	St. Maria D. Feiria	Portugal		40.5	-8.32	Estimated location	47	54	49	60	58	63	72	73	63	57	51	46	203	147	189	107	100	47	18	26	61	109	162	205	6	5	7	4	4	2	1	1	2	4	6	7	8.7	9.5	11.8	13.5	15.2	18.2	19.7	20	18.6	15.8	11.9	9.1	7.8	8.8	8.8	10	10	10.9	12	12.1	11.1	10	8.3	7.6
Pro-0	445	Proaza. Asturios	Spain		43.25	-6	Estimated location	31	38	35	47	47	47	52	53	46	45	37	28	120	100	90	72	71	50	34	37	68	92	110	133	12	11	10	9	10	6	4	5	7	9	11	12	10.2	10.6	12.3	13.7	15.7	18.7	20.8	21.1	20	16.7	13.1	10.8	6.1	6.3	6.5	7	7.2	7.4	7.5	7.6	7.1	6.8	6.4	6.4
Al-0	456	Allerup	Denmark		55.19226	9.014096	Estimated location	20	25	35	44	50	49	46	46	45	31	18	14	60	46	40	45	46	49	81	97	83	82	68	66	11	8	8	8	8	8	9	11	10	11	11	12	-0.1	-0.2	2	6.3	11.1	14.3	16.3	16.1	13.2	8.8	4.9	2	4.3	4.9	6.1	7.5	8.9	8.5	8	7.8	7.3	6	4.5	4
Er-0	469	Erlangen	Germany	200-300	49.608619	11.00544	Estimated location	18	26	38	42	46	46	49	49	43	33	19	15	84	70	54	64	65	86	88	90	70	70	72	70	12	10	9	10	10	11	11	11	10	10	10	11	-0.1	0.9	4.9	8.8	13.2	16.4	18.1	17.3	14.2	9.1	4.7	1.1	5.5	6.8	9.5	10.5	11.4	11.2	10.9	10.9	10.3	8.4	5.6	5
Esc-0	470	El Escorial	Spain	1500	40.598991	-4.132347	Estimated location	42	49	50	55	58	69	82	80	66	54	48	39	39	33	45	50	64	50	27	24	42	47	57	49	5	6	6	6	7	4	2	2	4	5	6	6	1.9	2.9	5.8	8.1	11.5	16.2	19.9	19.6	16	10.4	5.4	2.4	7.3	9	10.2	10.5	11.8	12.7	13.6	13.2	12.1	9.1	8.2	6.8
Fl-3	472	Unknown	Finland	1-100	60.184755	24.937363	No precise location within country	18	26	37	40	47	47	44	42	33	25	16	15	55	41	37	39	42	50	62	72	74	75	65	64	17	15	12	12	11	12	14	14	14	16	17	17	-5.6	-6.4	-3.8	2.3	8.6	13.7	17	15.7	11	5.6	1.3	-2.4	5.9	6.2	7.9	8	10	9.6	9.3	8.6	7.3	5.2	4.1	4.5
For-1	473	Fortingale	United Kingdom	unknown	52.487305	-1.160864	Estimated location	18	24	30	35	37	37	35	36	33	29	20	17	56	41	46	41	48	52	52	63	55	53	57	57	17	14	12	12	12	12	13	13	13	14	16	17	2.6	3.1	5.3	8	11	14.2	16	15.7	13.5	9.9	6	4.2	5.5	6.3	8	9.1	9.8	10.1	9.7	9.7	8.9	7.8	5.8	5.3
Fr-5	474	Frankfurt/ Niederrad	Germany	1-100	50.087399	8.638072	Estimated location	17	24	37	40	45	45	46	46	41	31	16	13	58	45	39	47	55	76	74	82	59	56	57	56	12	10	9	10	10	10	11	11	10	10	11	11	-0.2	0.9	5	9.3	13.6	16.8	18.4	17.7	14.4	9.1	4.6	1	5.3	6.4	9.2	10.3	11.3	11.1	10.8	10.8	10	8.1	5.4	4.7
Li-5	489	Limburg	Germany	100-200	50.375374	8.12223	Estimated location	17	24	36	39	44	43	42	43	40	31	17	14	85	72	54	63	63	75	83	86	68	71	76	77	12	11	10	10	10	11	12	12	10	11	11	12	-0.7	0	3.6	7.5	11.7	14.8	16.5	16	13	8.2	4	0.6	5.1	5.9	8.5	9.7	10.7	10.7	10.3	10.3	9.5	7.6	5.1	4.6
Pla-0	501	Playa de Aro	Spain	0-100	28.056098	-16.715198	Estimated location	62	63	65	67	74	80	82	81	71	61	57	57	103	101	83	71	50	34	20	26	46	79	117	116	5	4	4	3	2	1	0	1	2	3	4	5	11.9	12.5	13.7	14.8	17.2	19.7	22.6	23.1	21.6	18.4	14.9	12.5	5.4	5.8	6.8	6.7	7.2	7.5	8.2	8	7	6.1	5.7	4.8
Sv-0	513	Sveboelle	Denmark	unknown	55.652764	11.282516	Estimated location	19	25	37	44	53	52	50	50	46	32	19	14	46	34	29	35	36	47	66	67	59	54	45	45	11	9	8	9	8	8	10	10	10	11	11	12	0	-0.3	1.7	6.4	11.3	15.1	17.2	16.8	13.7	9.1	5.3	2.4	4.3	4.9	6.2	7.7	9.2	8.8	8.4	7.9	7.4	5.9	4.3	3.7
Ts-1	515	Tossa del Mar	Spain	1-100	41.725795	2.930889	Estimated location	50	53	50	54	56	60	68	66	56	52	50	45	45	45	52	50	56	43	29	49	65	71	56	50	4	4	5	5	5	3	2	4	4	5	4	4	11.3	12.4	14.8	17.1	20.5	24.4	27.7	27.2	24.5	20.1	14.9	11.7	7.3	7.6	7.8	7.9	7.8	8.2	8.6	8.2	8	7.5	7.3	6.9
Ts-5	517	Tossa del Mar	Spain	1-100	41.725795	2.930889	Estimated location	50	53	50	54	56	60	68	66	56	52	50	45	45	45	52	50	56	43	29	49	65	71	56	50	4	4	5	5	5	3	2	4	4	5	4	4	11.3	12.4	14.8	17.1	20.5	24.4	27.7	27.2	24.5	20.1	14.9	11.7	7.3	7.6	7.8	7.9	7.8	8.2	8.6	8.2	8	7.5	7.3	6.9
Uk-3	521	Umkirch	Germany	200-300	48.034513	7.761812	Estimated location	20	28	40	41	43	44	47	48	43	34	22	18	145	125	96	96	107	141	131	133	117	111	122	109	12	11	10	11	12	13	13	12	11	10	11	12	-1.6	-0.7	2.7	6.3	10.6	13.9	15.6	15.1	12.3	7.2	2.8	-0.5	5.7	6.8	9.1	9.9	10.6	10.5	10.5	10.4	9.7	7.9	5.6	4.9
Wil-3	525	Wilna/Litauen	Russia	100-200	54.71058	25.276566	Estimated location	17	20	34	36	40	40	39	37	37	26	12	14	38	36	34	39	56	79	89	87	56	48	47	42	18	16	14	13	13	14	15	15	14	15	17	18	-5.9	-5.3	-1.5	5.5	12.4	15.7	17.6	16.4	12	6.3	0.6	-3.5	5.8	6.5	7.5	8.9	11	10.9	10.5	10	9.2	6.7	4.2	4.5
Wt-1	526	Wietze	Germany	1-100	52.663183	9.836769	Estimated location	19	24	35	42	46	47	43	45	43	32	18	17	54	48	43	48	53	63	84	73	53	56	55	52	13	11	10	10	10	11	12	12	11	11	12	12	0	0.5	3.7	8.2	12.8	16	17.5	17.1	13.8	9.1	4.9	1.7	4.9	5.8	7.4	8.9	9.9	9.9	9.3	9.3	8.9	7	4.9	4.5
Wt-5	528	Wietze	Germany	1-100	52.663183	9.836769	Estimated location	19	24	35	42	46	47	43	45	43	32	18	17	54	48	43	48	53	63	84	73	53	56	55	52	13	11	10	10	10	11	12	12	11	11	12	12	0	0.5	3.7	8.2	12.8	16	17.5	17.1	13.8	9.1	4.9	1.7	4.9	5.8	7.4	8.9	9.9	9.9	9.3	9.3	8.9	7	4.9	4.5
Kar-2	532	Karakol river	Kyrgyzstan		42.3002	74.3691	Reliable location	44	39	31	32	36	44	54	62	66	55	45	45	17	21	42	66	87	80	59	35	29	36	33	21	8	8	10	10	13	13	11	8	5	6	8	9	-10.9	-9.1	-4.1	2.9	8.4	11.9	14.7	14.2	9.8	3.5	-3.3	-8.2	15.2	14.8	13.7	13.4	13.9	14.9	17	17.8	18.6	17.1	13.2	13
Sus-1	533	Susamyr	Kyrgyzstan		42.188033	73.406933	Reliable location	41	35	30	30	35	43	54	63	67	55	45	42	29	35	54	74	94	81	56	36	27	36	49	38	10	10	12	12	14	15	12	9	6	7	9	11	-16.2	-14.8	-10	-3	3.2	6.1	8.9	8.7	4.6	-1.2	-9.3	-14.3	15	15.3	14.4	12.3	12.8	14.2	16.4	17.8	18.2	16.5	13.1	12.8
Dja-5	535	Djarly	Kyrgyzstan		42.589767	73.629717	Reliable location	39	35	30	32	37	46	57	65	68	55	44	41	16	20	41	67	83	73	48	30	29	34	31	21	10	10	12	11	13	13	10	7	5	7	10	11	-12.9	-11.3	-5.3	1.9	7.9	11.2	13.7	13.1	8.8	2.9	-4.9	-10.3	13.6	13.5	12.7	12.6	14	14.8	17.2	18.4	18.8	16.8	12	11.6
Zal-1	536	Zalisky	Kyrgyzstan		42.7964	76.3496	Reliable location	40	38	34	38	41	49	56	62	65	55	44	41	29	31	64	91	97	60	40	28	29	47	47	32	7	7	10	10	11	10	9	6	5	6	8	8	-6.4	-4.9	1	8.4	13.8	17.8	20.7	19.7	14.7	7.8	0.5	-3.4	9.8	9.9	7.2	10.6	10.5	10.8	11.7	12.3	12.6	11.2	9.6	9.2
Zal-3	537	Zalisky	Kyrgyzstan		42.7964	76.3496	Reliable location	40	38	34	38	41	49	56	62	65	55	44	41	29	31	64	91	97	60	40	28	29	47	47	32	7	7	10	10	11	10	9	6	5	6	8	8	-6.4	-4.9	1	8.4	13.8	17.8	20.7	19.7	14.7	7.8	0.5	-3.4	9.8	9.9	7.2	10.6	10.5	10.8	11.7	12.3	12.6	11.2	9.6	9.2
Neo-3	539	Neo-Shahdara	Tadjikistan		37.357333	72.467867	Reliable location	39	31	29	33	43	58	66	70	74	63	49	41	82	100	125	121	91	43	20	7	8	51	97	97	8	8	10	10	10	8	6	5	3	4	5	8	-23	-20.6	-15.9	-8.9	-2.6	1.4	5.4	4.9	0.6	-6.2	-12.7	-20.1	11.8	12.1	11.4	10.4	10.7	11.8	13	13.1	13.6	12.2	10.9	10.6
Neo-6	540	Neo-Shahdara	Tadjikistan		37.357333	72.467867	Reliable location	39	31	29	33	43	58	66	70	74	63	49	41	82	100	125	121	91	43	20	7	8	51	97	97	8	8	10	10	10	8	6	5	3	4	5	8	-23	-20.6	-15.9	-8.9	-2.6	1.4	5.4	4.9	0.6	-6.2	-12.7	-20.1	11.8	12.1	11.4	10.4	10.7	11.8	13	13.1	13.6	12.2	10.9	10.6
Bik-1	541	Bikfaiya	Lebanon		33.923056	35.695333	Reliable location	47	49	52	58	67	80	80	80	75	68	60	50	195	154	109	57	21	2	1	1	7	43	110	178	11	10	6	4	2	0	0	0	1	3	6	9	11.2	11.5	13.3	16.3	20	22.9	24.8	25.7	24.1	21.5	17.2	13.1	7.8	8	8.6	9.5	9.8	9.9	9.8	9.8	9.8	9.5	9.2	7.9
Bik-5a	542	Bikfaiya	Lebanon		33.923056	35.695333	Reliable location	47	49	52	58	67	80	80	80	75	68	60	50	195	154	109	57	21	2	1	1	7	43	110	178	11	10	6	4	2	0	0	0	1	3	6	9	11.2	11.5	13.3	16.3	20	22.9	24.8	25.7	24.1	21.5	17.2	13.1	7.8	8	8.6	9.5	9.8	9.9	9.8	9.8	9.8	9.5	9.2	7.9
Had-1b	544	Hadeth ej Joubbe	Lebanon		33.923056	35.695333	Reliable location	47	49	52	58	67	80	80	80	75	68	60	50	195	154	109	57	21	2	1	1	7	43	110	178	11	10	6	4	2	0	0	0	1	3	6	9	11.2	11.5	13.3	16.3	20	22.9	24.8	25.7	24.1	21.5	17.2	13.1	7.8	8	8.6	9.5	9.8	9.9	9.8	9.8	9.8	9.5	9.2	7.9
Had-6b	545	Hadeth ej Joubbe	Lebanon		33.923056	35.695333	Reliable location	47	49	52	58	67	80	80	80	75	68	60	50	195	154	109	57	21	2	1	1	7	43	110	178	11	10	6	4	2	0	0	0	1	3	6	9	11.2	11.5	13.3	16.3	20	22.9	24.8	25.7	24.1	21.5	17.2	13.1	7.8	8	8.6	9.5	9.8	9.9	9.8	9.8	9.8	9.5	9.2	7.9
Alta•-2	547	Alta•	China		47.756944	88.3975	Reliable location	61	62	56	52	51	51	49	51	59	56	53	54	15	16	20	28	33	44	59	46	32	27	28	25	7	6	6	7	9	10	13	11	7	6	8	8	-24.6	-22.6	-14.9	-4.8	2.8	8.6	10.9	9.5	4	-4.3	-14.4	-22.4	12.9	12.2	13.2	13.2	12.2	13.5	14.5	14.3	13.6	13.7	12.7	11.9
Alta•-5	548	Alta•	China		47.756944	88.3975	Reliable location	61	62	56	52	51	51	49	51	59	56	53	54	15	16	20	28	33	44	59	46	32	27	28	25	7	6	6	7	9	10	13	11	7	6	8	8	-24.6	-22.6	-14.9	-4.8	2.8	8.6	10.9	9.5	4	-4.3	-14.4	-22.4	12.9	12.2	13.2	13.2	12.2	13.5	14.5	14.3	13.6	13.7	12.7	11.9
Qar-8a	549	Qartaba-A	Lebanon		34.101944	35.8376	Reliable location	48	49	53	57	66	80	83	83	79	66	63	52	187	159	130	57	25	2	0	0	4	31	83	153	11	9	7	5	3	1	1	0	1	3	6	9	3.9	4.2	6.8	11	15.4	19.4	21.7	22.1	18.9	15.2	10.1	6	8	8.8	9.8	11.1	12.1	13.1	13.9	13.9	13.4	12.1	9.8	8.5
Baz-0	550	Bazainville	France		48.81133	31.655333	Reliable location	23	23	29	37	42	47	51	53	50	36	21	18	33	36	31	37	53	71	66	61	39	44	38	37	15	14	13	11	11	11	11	9	8	10	13	15	-5.9	-5.4	-0.3	7.8	14.9	18.3	20.4	19.4	14.2	7.9	1.5	-3.4	6	6.4	7.1	10	12	11.8	12.1	12.4	12	9.3	5.8	5.1
Eri-1	551	Santa Maria do Feira	Portugal		38.718358	-9.135933	No precise location within country	52	59	55	66	68	74	82	82	75	66	57	54	97	70	96	52	40	11	2	2	27	54	78	95	5	4	5	3	2	1	0	0	2	3	4	5	10.7	11.3	13.3	15.1	17	19.8	21.6	21.8	20.7	18	14.1	11.2	5.9	6.7	6.9	7.7	7.9	9	9.9	9.8	8.8	7.6	6.3	6
Cad-0	552	Candelario. Salamanca	Spain		40.379662	-5.741844	Estimated location	41	51	47	55	54	70	85	81	71	60	49	37	77	77	77	59	72	52	29	28	54	71	83	82	5	5	6	5	6	4	2	1	3	5	6	6	2.5	4	6.2	9.1	12.3	17.1	20.3	20.1	16.6	11.4	5.9	2.9	8.3	10	10.6	11.9	12.2	13.9	15.9	15.2	13.7	11.4	9.6	7.5
Vil-0	553	Villaescusa de Ebro. Burgos	Spain		42.3521	-3.699074	Estimated location	30	43	44	52	55	58	70	68	58	47	38	29	43	38	44	47	58	53	25	26	48	51	45	51	8	7	7	7	7	5	3	4	4	6	7	8	3	4.5	7.6	10.3	13.7	17.9	21.4	21.1	17.9	12.5	7.3	3.9	6.7	7.6	8.9	9.1	9.2	10.4	11.4	11.1	10.6	9.2	7.8	6.2
